General	70	69	111	82	default
Purpose	114	69	157	82	default
AC	160	69	175	82	default
Motors	178	69	215	82	default
Find	517	71	530	80	default
the	532	71	542	80	default
.	553	71	555	80	default
Find	557	71	570	80	default
Solutions.	572	71	603	80	default
Find	604	71	618	80	default
Great	620	71	637	80	default
Prices.	639	71	660	80	default
Find	270	918	298	932	default
even	302	918	332	932	default
MORE	336	918	380	932	default
on	384	918	400	932	default
Grainger.com®	403	918	506	932	default
MOTORS	70	54	120	69	default
12	70	918	85	932	default
No.	91	499	104	506	default
6K562	106	499	132	506	default
No.	99	267	112	274	default
5K191	115	267	140	274	default
Capacitor-Start	70	572	178	589	default
Totally	182	572	227	589	default
Enclosed	70	589	134	606	default
Fan-Cooled	138	589	217	606	default
Rigid	70	606	106	623	default
Base-Mount	111	606	196	623	default
Motors	200	606	249	623	default
▪	70	626	74	634	default
Rotation:	77	627	110	637	default
CW/CCW	112	627	145	637	default
▪	70	637	74	645	default
Bearings:	77	638	112	648	default
ball	114	638	128	648	default
▪	70	648	74	656	default
Max.	77	649	95	659	default
ambient	98	649	128	659	default
temp.:	130	649	154	659	default
40°C	156	649	174	659	default
For	70	662	82	672	default
use	84	662	97	672	default
in	99	662	105	672	default
dirty,	108	662	125	672	default
dusty,	127	662	149	672	default
and	151	662	164	672	default
nonhazardous	166	662	217	672	default
environments.	70	673	121	683	default
Can	123	673	137	683	default
be	139	673	148	683	default
used	151	673	168	683	default
in	170	673	177	683	default
place	179	673	198	683	default
of	201	673	207	683	default
open	210	673	227	683	default
dripproof	70	684	103	694	default
motors.	105	684	132	694	default
UL	134	684	144	694	default
Recognized	146	684	187	694	default
and	190	684	203	694	default
CSA	205	684	220	694	default
Certified	70	695	100	705	default
or	103	695	110	705	default
UL	112	695	121	705	default
Recognized	124	695	165	705	default
for	167	695	177	705	default
US	180	695	189	705	default
and	192	695	205	705	default
Canada.	207	695	237	705	default
*	271	697	274	704	default
Capacitor-start,	276	697	322	704	default
capacitor-run.	324	697	366	704	default
†	368	697	371	704	default
Totally	373	697	393	704	default
enclosed	395	697	421	704	default
nonventilated.	423	697	466	704	default
HP	277	102	286	109	default
NameplateRPM	297	94	329	109	default
Frame	341	102	360	109	default
ThermalProtection	372	94	402	109	default
Voltage	426	102	449	109	default
Full	479	94	490	102	default
Load	492	94	507	102	default
Amps	485	102	501	109	default
ServiceFactor	528	94	550	109	default
Ins.Class	566	94	582	109	default
OverallLength	593	94	614	109	default
ItemNo.	629	94	643	109	default
1⁄4	279	122	284	130	default
1725	306	110	320	117	default
48	347	110	354	117	default
Auto	380	110	394	117	default
115/208-230	419	110	456	117	default
5.6/2.7-2.8	477	110	509	117	default
1.00	533	110	545	117	default
B	572	110	576	117	default
10	596	110	603	117	default
1⁄2"	603	110	611	117	default
5K191	627	110	645	117	default
1725	306	118	320	126	default
56	347	118	354	126	default
None	380	118	395	126	default
115/208-230	419	118	456	126	default
5.6/2.7-2.8	477	118	509	126	default
1.15	533	118	545	126	default
B	572	118	576	126	default
11"	599	118	608	126	default
5K262	627	118	645	126	default
1725	306	127	320	134	default
56	347	127	354	134	default
Auto	380	127	394	134	default
115/208-230	419	127	456	134	default
5.6/2.7-2.8	477	127	509	134	default
1.15	533	127	545	134	default
B	572	127	576	134	default
11"	599	127	608	134	default
5K263	627	127	645	134	default
1140	306	135	320	142	default
56	347	135	354	142	default
None	380	135	395	142	default
115/208-230	419	135	456	142	default
6.9/3.0-3.4	477	135	509	142	default
1.15	533	135	545	142	default
B	572	135	576	142	default
11	596	135	603	142	default
3⁄8"	603	135	611	142	default
5UKE5	626	135	646	142	default
1⁄3	279	168	284	175	default
3450	306	143	320	150	default
48	347	143	354	150	default
Auto	380	143	394	150	default
115/208-230	419	143	456	150	default
4.7/2.4-2.3	477	143	509	150	default
1.00	533	143	545	150	default
B	572	143	576	150	default
9	598	143	601	150	default
3⁄4"	601	143	609	150	default
6K481	627	143	645	150	default
†	654	143	658	150	default
3450	306	151	320	159	default
48	347	151	354	159	default
None	380	151	395	159	default
115/208-230	419	151	456	159	default
4.7/2.4-2.3	477	151	509	159	default
1.00	533	151	545	159	default
F	573	151	576	159	default
10"	599	151	608	159	default
5UKE6	626	151	646	159	default
†	655	151	658	159	default
1725	306	159	320	167	default
48	347	159	354	167	default
Auto	380	159	394	167	default
115/208-230	419	159	456	167	default
6.6/3.0-3.3	477	159	509	167	default
1.15	533	159	545	167	default
B	572	159	576	167	default
10	596	159	603	167	default
1⁄4"	603	159	611	167	default
5K192	627	160	645	167	default
1725	306	168	320	175	default
56	347	168	354	175	default
None	380	168	395	175	default
115/208-230	419	168	456	175	default
6.0/3.0-3.0	477	168	509	175	default
1.15	533	168	545	175	default
B	572	168	576	175	default
11"	599	168	608	175	default
4K936	627	168	645	175	default
1725	306	176	320	183	default
56	347	176	354	183	default
Auto	380	176	394	183	default
115/208-230	419	176	456	183	default
7.0/3.3-3.5	477	176	509	183	default
1.15	533	176	545	183	default
B	572	176	576	183	default
10	596	176	603	183	default
5⁄8"	603	176	611	183	default
5K121	627	176	645	183	default
1725	306	184	320	192	default
56	347	184	354	192	default
Manual	377	184	398	192	default
115/208-230	419	184	456	192	default
6.6/3.0-3.3	477	184	509	192	default
1.15	533	184	545	192	default
B	572	184	576	192	default
11"	599	184	608	192	default
5UKE8	626	184	646	192	default
1140	306	192	320	200	default
56	347	192	354	200	default
None	380	192	395	200	default
115/208-230	419	192	456	200	default
6.8/3.4-3.4	477	192	509	200	default
1.00	533	192	545	200	default
B	572	192	576	200	default
11	596	192	603	200	default
3⁄8"	603	192	611	200	default
5K502	627	192	645	200	default
1⁄2	279	246	284	253	default
3450	306	201	320	208	default
48	347	201	354	208	default
Auto	380	201	394	208	default
115/208-230	419	201	456	208	default
6.3/3.4-3.3	477	201	509	208	default
1.00	533	201	545	208	default
B	572	201	576	208	default
10	595	201	602	208	default
7⁄16"	602	201	612	208	default
6K482	627	201	645	208	default
†	655	201	658	208	default
3450	306	209	320	216	default
48	347	209	354	216	default
Manual	377	209	398	216	default
115/208-230	419	209	456	216	default
6.5/3.5-3.4	477	209	509	216	default
1.00	533	209	545	216	default
B	572	209	576	216	default
11	596	209	603	216	default
1⁄2"	603	209	611	216	default
5UKE9	626	209	646	216	default
†	654	209	658	216	default
3450	306	217	320	225	default
48	347	217	354	225	default
None	380	217	395	225	default
115/208-230	419	217	456	225	default
6.5/3.5-3.4	477	217	509	225	default
1.00	533	217	545	225	default
B	572	217	576	225	default
10	595	217	602	225	default
7⁄16"	602	217	612	225	default
5UKF0	626	217	646	225	default
†	654	217	658	225	default
3450	306	225	320	233	default
56	347	225	354	233	default
Manual	377	225	398	233	default
115/208-230	419	225	456	233	default
8.0/3.8-4.0	477	225	509	233	default
1.00	533	225	545	233	default
B	572	225	576	233	default
11	595	225	602	233	default
9⁄16"	602	225	612	233	default
6K184	627	225	645	233	default
3450	306	234	320	241	default
56	347	234	354	241	default
Auto	380	234	394	241	default
115/208-230	419	234	456	241	default
8.6/4.1-4.4	477	234	509	241	default
1.00	533	234	545	241	default
B	572	234	576	241	default
11	596	234	603	241	default
7⁄8"	603	234	611	241	default
5UKF1	626	234	646	241	default
3450	306	242	320	249	default
56	347	242	354	249	default
None	380	242	395	249	default
115/208-230	419	242	456	249	default
8.6/4.1-4.4	477	242	509	249	default
1.00	533	242	545	249	default
B	572	242	576	249	default
11	593	242	601	249	default
13⁄16"	601	242	613	249	default
5UKF2	626	242	646	249	default
1725	306	250	320	258	default
48	347	250	354	258	default
Auto	380	250	394	258	default
115/208-230	419	250	456	258	default
8.5/4.2-4.3	477	250	509	258	default
1.00	533	250	545	258	default
F	573	250	576	258	default
11	595	250	602	258	default
1⁄16"	602	250	612	258	default
5K193	627	250	645	258	default
1725	306	258	320	266	default
48	347	258	354	266	default
None	380	258	395	266	default
115/208-230	419	258	456	266	default
8.2/4.1-4.1	477	258	509	266	default
1.00	533	258	545	266	default
B	572	258	576	266	default
11"	599	258	608	266	default
6K177	627	258	645	266	default
1725	306	267	320	274	default
56	347	267	354	274	default
Auto	380	267	394	274	default
115/208-230	419	267	456	274	default
9.0/4.3-4.5	477	267	509	274	default
1.15	533	267	545	274	default
B	572	267	576	274	default
11	596	267	603	274	default
3⁄8"	603	267	611	274	default
6K122	627	267	645	274	default
1725	306	275	320	282	default
56	347	275	354	282	default
Manual	377	275	398	282	default
115/208-230	419	275	456	282	default
9.0-4.3-4.5	477	275	509	282	default
1.15	533	275	545	282	default
B	572	275	576	282	default
11"	599	275	608	282	default
6K637	627	275	645	282	default
1725	306	283	320	290	default
56	347	283	354	290	default
None	380	283	395	290	default
115/208-230	419	283	456	290	default
9.0/4.3-4.5	477	283	509	290	default
1.15	533	283	545	290	default
B	572	283	576	290	default
11	596	283	603	290	default
3⁄8"	603	283	611	290	default
6K937	627	283	645	291	default
1140	306	291	320	299	default
56	347	291	354	299	default
None	380	291	395	299	default
115/208-230	419	291	456	299	default
10.6/5.4-5.3	475	291	511	299	default
1.00	533	291	545	299	default
B	572	291	576	299	default
13	596	291	603	299	default
3⁄8"	603	291	611	299	default
5K672	627	291	645	299	default
*	654	291	658	299	default
3⁄4	279	324	284	332	default
3450	306	300	320	307	default
48	347	300	354	307	default
None	380	300	395	307	default
115/208-230	419	300	456	307	default
11.1/5.4-5.6	475	300	511	307	default
1.00	533	300	545	307	default
F	573	300	576	307	default
12"	599	300	608	307	default
5UKF4	626	300	646	307	default
3450	306	308	320	315	default
56	347	308	354	315	default
Manual	377	308	398	315	default
115/208-230	419	308	456	315	default
10.4/5.3-5.2	475	308	511	315	default
1.00	533	308	545	315	default
B	572	308	576	315	default
11	596	308	603	315	default
7⁄8"	603	308	611	315	default
6K358	627	308	645	315	default
3450	306	316	320	323	default
56	347	316	354	323	default
Auto	380	316	394	323	default
115/208-230	419	316	456	323	default
10.4/5.3-5.2	475	316	511	323	default
1.15	533	316	545	323	default
B	572	316	576	323	default
11	593	316	601	323	default
15⁄16"	601	316	613	323	default
6K483	627	316	645	323	default
1725	306	324	320	332	default
56	347	324	354	332	default
Auto	380	324	394	332	default
115/208-230	419	324	456	332	default
11.4/5.7-5.7	475	324	511	332	default
1.15	533	324	545	332	default
F	573	324	576	332	default
11	596	324	603	332	default
7⁄8"	603	324	611	332	default
6K123	627	324	645	332	default
1725	306	333	320	340	default
56	347	333	354	340	default
Manual	377	333	398	340	default
115/208-230	419	333	456	340	default
11.4/5.7-5.7	475	333	511	340	default
1.15	533	333	545	340	default
B	572	333	576	340	default
11	596	333	603	340	default
7⁄8"	603	333	611	340	default
6K639	627	333	645	340	default
1725	306	341	320	348	default
56	347	341	354	348	default
None	380	341	395	348	default
115/208-230	419	341	456	348	default
11.4/5.7-5.7	475	341	511	348	default
1.15	533	341	545	348	default
F	573	341	576	348	default
11	596	341	603	348	default
3⁄8"	603	341	611	348	default
6K938	627	341	645	348	default
1140	306	349	320	356	default
56H	345	349	356	356	default
None	380	349	395	356	default
115/208-230	419	349	456	356	default
10.6/5.4-5.3	475	349	511	356	default
1.15	533	349	545	356	default
B	572	349	576	356	default
13	596	349	603	356	default
3⁄8"	603	349	611	356	default
5UKF6	626	349	646	356	default
*	654	349	658	356	default
1	280	398	283	406	default
3450	306	357	320	365	default
56	347	357	354	365	default
Manual	377	357	398	365	default
115/208-230	419	357	456	365	default
13.6/6.9-6.8	475	357	511	365	default
1.00	533	357	545	365	default
B	572	357	576	365	default
12	596	357	603	365	default
3⁄8"	603	357	611	365	default
5K960	627	357	645	365	default
3450	306	365	320	373	default
56	347	365	354	373	default
Auto	380	365	394	373	default
115/208-230	419	365	456	373	default
13.6/6.9-6.8	475	365	511	373	default
1.00	533	365	545	373	default
B	572	365	576	373	default
12	596	365	603	373	default
3⁄8"	603	365	611	373	default
6K484	627	366	645	373	default
3450	306	374	320	381	default
56	347	374	354	381	default
None	380	374	395	381	default
115/208-230	419	374	456	381	default
13.6/6.9-6.8	475	374	511	381	default
1.00	533	374	545	381	default
B	572	374	576	381	default
12	595	374	602	381	default
7⁄16"	602	374	612	381	default
5UKF7	626	374	646	381	default
1740	306	382	320	389	default
182	345	382	356	389	default
None	380	382	395	389	default
115/230	425	382	449	389	default
13.8/6.9	481	382	505	389	default
1.00	533	382	545	389	default
F	573	382	576	389	default
14	596	382	603	389	default
1⁄8"	603	382	611	389	default
5K485	627	382	645	389	default
1725	306	390	320	398	default
56H	345	390	356	398	default
None	380	390	395	398	default
115/208-230	419	390	456	398	default
14.0/6.9-7.0	475	390	511	398	default
1.15	533	390	545	398	default
B	572	390	576	398	default
12	596	390	603	398	default
3⁄8"	603	390	611	398	default
1K065	627	390	645	398	default
1725	306	398	320	406	default
56H	345	398	356	406	default
Auto	380	398	394	406	default
115/208-230	419	398	456	406	default
9.9/5.2-5.0	477	398	509	406	default
1.15	533	398	545	406	default
B	572	398	576	406	default
12	593	398	601	406	default
15⁄16"	601	398	613	406	default
6K562	627	398	645	406	default
*	654	398	658	406	default
1725	306	407	320	414	default
56H	345	407	356	414	default
Manual	377	407	398	414	default
115/208-230	419	407	456	414	default
14.0/6.9-7.0	475	407	511	414	default
1.15	533	407	545	414	default
B	572	407	576	414	default
12	596	407	603	414	default
3⁄8"	603	407	611	414	default
6K640	627	407	645	414	default
1725	306	415	320	422	default
56HZ	343	415	358	422	default
None	380	415	395	422	default
115/208-230	419	415	456	422	default
14.0/6.9-7.0	475	415	511	422	default
1.15	533	415	545	422	default
B	572	415	576	422	default
12	596	415	603	422	default
3⁄4"	603	415	611	422	default
6K407	627	415	645	422	default
1725	306	423	320	431	default
56HZ	343	423	358	431	default
Manual	377	423	398	431	default
115/208-230	419	423	456	431	default
14.0/6.9-7.0	475	423	511	431	default
1.15	533	423	545	431	default
B	572	423	576	431	default
12	596	423	603	431	default
3⁄4"	603	423	611	431	default
6K418	627	423	645	431	default
1725	306	431	320	439	default
56HZ	343	431	358	439	default
Auto	380	431	394	439	default
115/208-230	419	431	456	439	default
14.0/6.9-7.0	475	431	511	439	default
1.15	533	431	545	439	default
B	572	431	576	439	default
12	596	431	603	439	default
3⁄4"	603	431	611	439	default
5UKF8	626	431	646	439	default
1725	306	440	320	447	default
143T	343	440	358	447	default
None	380	440	395	447	default
115/208-230	419	440	456	447	default
14.0/6.9-7.0	475	440	511	447	default
1.15	533	440	545	447	default
B	572	440	576	447	default
12	596	440	603	447	default
3⁄4"	603	440	611	447	default
6K827	627	440	645	447	default
1	277	489	280	496	default
1⁄2	281	489	286	496	default
3450	306	448	320	455	default
56H	345	448	356	455	default
Manual	377	448	398	455	default
115/208-230	419	448	456	455	default
14.6/8.1-7.4	475	448	511	455	default
1.00	533	448	545	455	default
B	572	448	576	455	default
12	596	448	603	455	default
7⁄8"	603	448	611	455	default
6K338	627	448	645	455	default
*	654	448	658	455	default
3450	306	456	320	463	default
56H	345	456	356	463	default
Auto	380	456	394	463	default
115/208-230	419	456	456	463	default
14.6/8.1-7.4	475	456	511	463	default
1.00	533	456	545	463	default
B	572	456	576	463	default
12	596	456	603	463	default
7⁄8"	603	456	611	463	default
6XJ53	627	456	645	464	default
*	654	456	658	463	default
3450	306	464	320	472	default
143T	343	464	358	472	default
None	380	464	395	472	default
115/208-230	419	464	456	472	default
14.6/8.1-7.4	475	464	511	472	default
1.00	533	464	545	472	default
B	572	464	576	472	default
13	596	464	603	472	default
1⁄4"	603	464	611	472	default
3K300	627	464	645	472	default
*	654	464	658	472	default
1750	306	473	320	480	default
184	345	473	356	480	default
None	380	473	395	480	default
115/230	425	473	449	480	default
18.4/9.2	481	473	505	480	default
1.00	533	473	545	480	default
F	573	473	576	480	default
15	596	473	603	480	default
1⁄8"	603	473	611	480	default
5K486	627	473	645	480	default
1725	306	481	320	488	default
56H	345	481	356	488	default
None	380	481	395	488	default
115/208-230	419	481	456	488	default
14.4/8.0-7.2	475	481	511	488	default
1.15	533	481	545	488	default
B	572	481	576	488	default
13	596	481	603	488	default
7⁄8"	603	481	611	488	default
1K066	627	481	645	488	default
*	654	481	658	488	default
1725	306	489	320	496	default
56H	345	489	356	496	default
Auto	380	489	394	496	default
115/208-230	419	489	456	496	default
14.4/8.0-7.2	475	489	511	496	default
1.15	533	489	545	496	default
B	572	489	576	496	default
13-14/16"	589	489	617	496	default
5K565	627	489	645	496	default
*	654	489	658	496	default
1725	306	497	320	505	default
56H	345	497	356	505	default
Manual	377	497	398	505	default
115/208-230	419	497	456	505	default
14.4/8.0-7.2	475	497	511	505	default
1.15	533	497	545	505	default
B	572	497	576	505	default
13	596	497	603	505	default
7⁄8"	603	497	611	505	default
5K641	627	497	645	505	default
*	654	497	658	505	default
1725	306	506	320	513	default
56HZ	343	506	358	513	default
None	380	506	395	513	default
115/208-230	419	506	456	513	default
14.4/8.0-7.2	475	506	511	513	default
1.15	533	506	545	513	default
B	572	506	576	513	default
14	596	506	603	513	default
1⁄4"	603	506	611	513	default
6K419	627	506	645	513	default
*	654	506	658	513	default
1725	306	514	320	521	default
56HZ	343	514	358	521	default
Manual	377	514	398	521	default
115/208-230	419	514	456	521	default
14.4/8.0-7.2	475	514	511	521	default
1.15	533	514	545	521	default
B	572	514	576	521	default
14	596	514	603	521	default
1⁄4"	603	514	611	521	default
6K420	627	514	645	521	default
*	654	514	658	521	default
1725	306	522	320	529	default
56HZ	343	522	358	529	default
Auto	380	522	394	529	default
115/208-230	419	522	456	529	default
14.4/8.0-7.2	475	522	511	529	default
1.15	533	522	545	529	default
B	572	522	576	529	default
14	596	522	603	529	default
1⁄4"	603	522	611	529	default
5UKG0	626	522	646	529	default
*	654	522	658	529	default
1725	306	530	320	538	default
145T	343	530	358	538	default
None	380	530	395	538	default
115/208-230	419	530	456	538	default
14.4/8.0-7.2	475	530	511	538	default
1.15	533	530	545	538	default
B	572	530	576	538	default
14	596	530	603	538	default
1⁄4"	603	530	611	538	default
6K828	627	530	645	538	default
*	654	530	658	538	default
2	280	571	283	579	default
3450	306	538	320	546	default
56H	345	538	356	546	default
Manual	377	538	398	546	default
115/208-230	419	538	456	546	default
19.5/10.8-9.7	473	538	512	546	default
1.00	533	538	545	546	default
B	572	538	576	546	default
13	596	538	603	546	default
3⁄8"	603	538	611	546	default
5K961	627	539	645	546	default
*	654	538	658	546	default
3450	306	547	320	554	default
56H	345	547	356	554	default
Auto	380	547	394	554	default
115/208-230	419	547	456	554	default
19.5/10.8-9.7	473	547	512	554	default
1.15	533	547	545	554	default
B	572	547	576	554	default
13	596	547	603	554	default
7⁄8"	603	547	611	554	default
5UKG3	626	547	646	554	default
*	654	547	658	554	default
3450	306	555	320	562	default
56H	345	555	356	562	default
None	380	555	395	562	default
115/208-230	419	555	456	562	default
19.5/10.8-9.7	473	555	512	562	default
1.00	533	555	545	562	default
B	572	555	576	562	default
13	596	555	603	562	default
5⁄8"	603	555	611	562	default
5UKG4	626	555	646	562	default
*	654	555	658	562	default
3450	306	563	320	571	default
145T	343	563	358	571	default
None	380	563	395	571	default
115/208-230	419	563	456	571	default
19.5/10.8-9.7	473	563	512	571	default
1.00	533	563	545	571	default
B	572	563	576	571	default
14	596	563	603	571	default
1⁄4"	603	563	611	571	default
3K344	627	563	645	571	default
*	654	563	658	571	default
1740	306	571	320	579	default
182T	343	571	358	579	default
None	380	571	395	579	default
115/230	425	571	449	579	default
23.6/11.8	479	571	507	579	default
1.00	533	571	545	579	default
F	573	571	576	579	default
15	596	571	603	579	default
1⁄8"	603	571	611	579	default
5K966	627	571	645	579	default
*	654	571	658	579	default
1725	306	580	320	587	default
56H	345	580	356	587	default
None	380	580	395	587	default
115/208-230	419	580	456	587	default
18.9/10.3-9.4	473	580	512	587	default
1.00	533	580	545	587	default
F	573	580	576	587	default
13	596	580	603	587	default
7⁄8"	603	580	611	587	default
1K067	627	580	645	587	default
*	654	580	658	587	default
1725	306	588	320	595	default
56H	345	588	356	595	default
Auto	380	588	394	595	default
115/208-230	419	588	456	595	default
18.9/10.3-9.4	473	588	512	595	default
1.00	533	588	545	595	default
F	573	588	576	595	default
14	595	588	602	595	default
7⁄16"	602	588	612	595	default
5UKG5	626	588	646	595	default
*	655	588	658	595	default
1725	306	596	320	604	default
56HZ	343	596	358	604	default
Auto	380	596	394	604	default
115/230	425	596	449	604	default
18.9/9.4	481	596	505	604	default
1.00	533	596	545	604	default
F	573	596	576	604	default
14	595	596	602	604	default
5⁄16"	602	596	612	604	default
5UKG6	626	596	646	604	default
*	655	596	658	604	default
1725	306	604	320	612	default
56HZ	343	604	358	612	default
None	380	604	395	612	default
115/208-230	419	604	456	612	default
18.8/10.2-9.4	473	604	512	612	default
1.00	533	604	545	612	default
B	572	604	576	612	default
14	595	604	602	612	default
5⁄16"	602	604	612	612	default
5UKG7	626	604	646	612	default
*	655	604	658	612	default
3	280	621	283	628	default
3540	306	613	320	620	default
182T	343	613	358	620	default
None	380	613	395	620	default
115/230	425	613	449	620	default
32.0/16.0	479	613	507	620	default
1.00	533	613	545	620	default
F	573	613	576	620	default
16	596	613	603	620	default
5⁄8"	603	613	611	620	default
6K145	627	613	645	620	default
3450	306	621	320	628	default
145T	343	621	358	628	default
None	380	621	395	628	default
230	432	621	443	628	default
15.4	486	621	499	628	default
1.00	533	621	545	628	default
F	573	621	576	628	default
15"	599	621	608	628	default
5UKG8	626	621	646	628	default
*	654	621	658	628	default
1740	306	629	320	637	default
184T	343	629	358	637	default
None	380	629	395	637	default
115/230	425	629	449	637	default
30.0/15.0	479	629	507	637	default
1.00	533	629	545	637	default
F	573	629	576	637	default
17	596	629	603	637	default
5⁄8"	603	629	611	637	default
5K967	627	629	645	637	default
*	655	629	658	637	default
5	280	646	283	653	default
3540	306	637	320	645	default
184T	343	637	358	645	default
None	380	637	395	645	default
230	432	637	443	645	default
19.6	486	637	499	645	default
1.15	533	637	545	645	default
F	573	637	576	645	default
17	593	637	601	645	default
11⁄32"	601	637	613	645	default
6K146	627	637	645	645	default
*	655	637	658	645	default
1745	306	646	320	653	default
213T	343	646	358	653	default
None	380	646	395	653	default
230	432	646	443	653	default
23.0	486	646	499	653	default
1.00	533	646	545	653	default
F	573	646	576	653	default
19	595	646	602	653	default
9⁄16"	602	646	612	653	default
5K968	627	646	645	653	default
*	655	646	658	653	default
1740	306	654	320	661	default
184T	343	654	358	661	default
None	380	654	395	661	default
230	432	654	443	661	default
22.0	486	654	499	661	default
1.00	533	654	545	661	default
F	573	654	576	661	default
18	596	654	603	661	default
1⁄8"	603	654	611	661	default
2TJ12	627	654	645	661	default
*	655	654	658	661	default
7	277	666	280	674	default
1⁄2	281	666	286	674	default
3530	306	662	320	669	default
213T	343	662	358	669	default
None	380	662	395	669	default
230	432	662	443	669	default
30.3	486	662	499	669	default
1.00	533	662	545	669	default
F	573	662	576	669	default
20"	599	662	608	669	default
6K179	627	662	645	670	default
*	654	662	658	669	default
1745	306	670	320	678	default
215T	343	670	358	678	default
None	380	670	395	678	default
230	432	670	443	678	default
30	489	670	496	678	default
1.00	533	670	545	678	default
F	573	670	576	678	default
22	595	670	602	678	default
1⁄16"	602	670	612	678	default
6K176	627	670	645	678	default
*	655	670	658	678	default
10	278	683	285	690	default
3535	306	679	320	686	default
215T	343	679	358	686	default
None	380	679	395	686	default
230	432	679	443	686	default
41.5	486	679	499	686	default
1.00	533	679	545	686	default
F	573	679	576	686	default
22	595	679	602	686	default
1⁄16"	602	679	612	686	default
5UKH0	626	679	646	686	default
*	655	679	658	686	default
1730	306	687	320	694	default
215T	343	687	358	694	default
None	380	687	395	694	default
230	432	687	443	694	default
38.0	486	687	499	694	default
1.00	533	687	545	694	default
F	573	687	576	694	default
22	595	687	602	694	default
1⁄16"	602	687	612	694	default
5UKH1	626	687	646	694	default
*	655	687	658	694	default
Apple,	394	831	411	838	default
the	413	831	421	838	default
Apple	423	831	439	838	default
logo	440	831	452	838	default
and	453	831	463	838	default
iPhone	394	838	413	844	default
are	414	838	423	844	default
trademarks	424	838	455	844	default
of	456	838	461	844	default
Apple	394	844	410	850	default
Inc.	411	844	421	850	default
App	423	844	434	850	default
Store	435	844	450	850	default
is	451	844	456	850	default
a	457	844	460	850	default
service	394	850	413	856	default
mark	415	850	428	856	default
of	430	850	435	856	default
Apple	437	850	452	856	default
Inc.	454	850	463	856	default
Google	394	856	414	862	default
Play	415	856	427	862	default
is	428	856	433	862	default
a	434	856	437	862	default
trademark	394	862	421	868	default
of	423	862	428	868	default
Google	430	862	449	868	default
Inc.	451	862	461	868	default
DOWNLOAD	86	756	241	782	default
the	86	782	123	806	default
Grainger	129	782	230	806	default
Mobile	86	806	164	831	default
App!	171	806	224	831	default
•	87	837	94	852	default
Easy	98	837	130	852	default
Search	134	837	179	852	default
•	87	854	94	869	default
Track	98	854	133	869	default
Orders	137	854	182	869	default
•	192	837	200	852	default
Create	204	837	247	852	default
Lists	251	837	281	852	default
•	192	854	200	869	default
On-The-Go	204	854	278	869	default
Inventory	282	854	342	869	default
##LTFigure##	69	359	261	505	default
##LTFigure##	69	122	261	285	default
##LTFigure##	471	741	660	881	default
