Definite	70	69	111	82	default
Purpose	114	69	158	82	default
Motors	161	69	198	82	default
Find	517	71	530	80	default
the	532	71	542	80	default
.	553	71	555	80	default
Find	557	71	570	80	default
Solutions.	572	71	603	80	default
Find	604	71	618	80	default
Great	620	71	637	80	default
Prices.	639	71	660	80	default
Find	270	918	298	932	default
even	302	918	332	932	default
MORE	336	918	380	932	default
on	384	918	400	932	default
Grainger.com®	403	918	506	932	default
MOTORS	70	54	120	69	default
30	70	918	85	932	default
Find	269	92	289	103	default
Motor	292	92	318	103	default
Selection	320	92	362	103	default
Guidelines	365	92	413	103	default
on	416	92	427	103	default
pg.	429	92	444	103	default
3,	447	92	456	103	default
or	459	92	468	103	default
use	470	92	486	103	default
MotorMatch®	489	92	548	103	default
at	551	92	560	103	default
grainger.com/motors	562	92	656	103	default
3-Phase	321	108	378	125	default
NEMA	383	108	424	125	default
Premium®	428	108	500	125	default
Efficient	321	125	379	143	default
Cooling	384	125	436	143	default
Tower	440	125	482	143	default
Motors	486	125	535	143	default
▪	321	144	325	152	default
Enclosure:	328	145	367	155	default
totally	368	145	391	155	default
enclosed	394	145	427	155	default
fan-cooled	429	145	469	155	default
▪	321	155	325	163	default
Rotation:	328	156	361	166	default
CW/CCW	363	156	395	166	default
▪	321	167	325	174	default
Thermal	328	167	358	177	default
protection:	361	167	401	177	default
none	403	167	421	177	default
▪	321	178	325	185	default
Service	328	178	355	188	default
factor:	358	178	382	188	default
1.25	384	178	400	188	default
▪	321	189	325	196	default
Insulation:	328	189	366	199	default
Class	368	189	388	199	default
F,	390	189	396	199	default
with	398	189	414	199	default
B	417	189	422	199	default
temperature	328	200	373	210	default
rise	376	200	390	210	default
for	392	200	402	210	default
longer	405	200	428	210	default
life	430	200	442	210	default
▪	321	211	325	218	default
Inverter	328	211	356	221	default
rated	359	211	378	221	default
HP	323	310	332	317	default
NameplateRPM	338	302	370	317	default
Frame	375	310	394	317	default
Voltage	403	310	426	317	default
Full	443	302	454	310	default
Load	456	302	471	310	default
Amps	449	310	465	317	default
Nom.	489	302	505	310	default
Efficiency	483	310	511	317	default
OverallLength	517	302	539	317	default
Mfr.Model	576	302	594	317	default
ItemNo.	636	302	649	317	default
F1	323	318	330	325	default
Conduit	332	318	355	325	default
Box	357	318	368	325	default
Position	370	318	395	325	default
1	326	326	329	333	default
1760	346	326	361	333	default
143T	377	326	391	333	default
230/460	403	326	426	333	default
2.8/1.4	447	326	467	333	default
85.5%	488	326	506	333	default
13	520	326	528	333	default
3⁄8"	528	326	536	333	default
00118ET3ECT143TF1-W2	548	326	622	333	default
19C670	631	326	653	333	default
1	323	338	326	346	default
1⁄2	327	338	333	346	default
1755	346	334	361	342	default
145T	377	334	391	342	default
200	409	334	420	342	default
4.7	452	334	462	342	default
86.5%	488	334	507	342	default
13	520	334	528	342	default
3⁄8"	528	334	536	342	default
00158ET3PCT145TF1-W2	548	334	622	342	default
19C671	631	334	653	342	default
1755	346	342	361	350	default
145T	377	342	391	350	default
230/460	403	342	426	350	default
4.04/2.02	443	342	471	350	default
86.5%	488	342	506	350	default
13	520	342	528	350	default
3⁄8"	528	342	536	350	default
00158ET3ECT145TF1-W2	548	342	622	350	default
19C672	631	342	653	350	default
2	326	355	329	362	default
1750	346	351	361	358	default
145T	377	351	391	358	default
200	409	351	420	358	default
6.0	452	351	462	358	default
86.5%	488	351	506	358	default
13	520	351	528	358	default
3⁄8"	528	351	536	358	default
00218ET3PCT145TF1-W2	548	351	622	358	default
19C673	631	351	653	358	default
1750	346	359	361	366	default
145T	377	359	391	366	default
230/460	403	359	426	366	default
5.2/2.6	447	359	467	366	default
86.5%	488	359	507	366	default
13	520	359	528	366	default
3⁄8"	528	359	536	366	default
00218ET3ECT145TF1-W2	548	359	622	366	default
19C674	631	359	653	366	default
3	326	371	329	379	default
1760	346	367	361	375	default
182T	377	367	391	375	default
200	409	367	420	375	default
8.9	452	367	462	375	default
89.5%	488	367	506	375	default
14	520	367	528	375	default
7⁄8"	528	367	536	375	default
00318ET3PCT182TF1-W2	548	367	622	375	default
19C675	631	367	653	375	default
1760	346	375	361	383	default
182T	377	375	391	383	default
230/460	403	375	426	383	default
7.8/3.9	447	375	467	383	default
89.5%	488	375	507	383	default
14	520	375	528	383	default
7⁄8"	528	375	536	383	default
00318ET3ECT182TF1-W2	548	375	622	383	default
19C676	631	375	653	383	default
5	326	388	329	395	default
1755	346	384	361	391	default
184T	377	384	391	391	default
200	409	384	420	391	default
14.8	451	384	463	391	default
89.5%	488	384	506	391	default
15	520	384	528	391	default
7⁄8"	528	384	536	391	default
00518ET3PCT184TF1-W2	548	384	622	391	default
19C677	631	384	653	391	default
1755	346	392	361	399	default
184T	377	392	391	399	default
230/460	403	392	426	399	default
14.3/12.9-6.45	436	392	478	399	default
89.5%	488	392	507	399	default
15	520	392	528	399	default
7⁄8"	528	392	536	399	default
00518ET3ECT184TF1-W2	548	392	622	399	default
19C678	631	392	653	399	default
7	323	404	326	412	default
1⁄2	327	404	333	412	default
1765	346	400	361	407	default
213T	377	400	391	407	default
200	409	400	420	407	default
20.7	451	400	463	407	default
91.7%	488	400	506	407	default
18"	523	400	533	407	default
00718ET3PCT213TF1-W2	548	400	622	407	default
19C679	631	400	653	408	default
1765	346	408	361	416	default
213T	377	408	391	416	default
230/460	403	408	426	416	default
18.0/9.0	445	408	469	416	default
91.7%	488	408	506	416	default
18"	523	408	533	416	default
00718ET3ECT213TF1-W2	548	408	622	416	default
19C680	631	408	653	416	default
10	324	425	331	432	default
1760	346	417	361	424	default
215T	377	417	391	424	default
200	409	417	420	424	default
28.5	451	417	463	424	default
91.7%	488	417	506	424	default
19	520	417	528	424	default
1⁄2"	528	417	536	424	default
01018ET3PCT215TF1-W2	548	417	622	424	default
19C681	631	417	653	424	default
1760	346	425	361	432	default
215T	377	425	391	432	default
230/460	403	425	426	432	default
24.8/12.4	443	425	471	432	default
91.7%	488	425	506	432	default
19	520	425	528	432	default
1⁄2"	528	425	536	432	default
01018ET3ECT215TF1-W2	548	425	622	432	default
19C682	631	425	653	432	default
1175	346	433	361	440	default
256T	377	433	391	440	default
230/460	403	433	426	440	default
25.8/12.9	443	433	471	440	default
91.0%	488	433	506	440	default
25"	523	433	533	440	default
01012ET3ECT256TF1-W2	548	433	622	440	default
19C683	631	433	653	441	default
15	324	445	331	453	default
1765	346	441	361	449	default
254T	377	441	391	449	default
200	409	441	420	449	default
41.4	451	441	463	449	default
92.4%	488	441	506	449	default
23	520	441	528	449	default
1⁄4"	528	441	536	449	default
01518ET3PCT254TF1-W2	548	441	622	449	default
19C684	631	441	653	449	default
1765	346	450	361	457	default
254T	377	450	391	457	default
230/460	403	450	426	457	default
36.0/18.0	443	450	471	457	default
92.4%	488	450	506	457	default
23	520	450	528	457	default
1⁄4"	528	450	536	457	default
01518ET3ECT254TF1-W2	548	450	622	457	default
19C685	631	450	653	457	default
20	324	462	331	469	default
1765	346	458	361	465	default
256T	377	458	391	465	default
200	409	458	420	465	default
55.4	451	458	463	465	default
93.0%	488	458	506	465	default
25"	523	458	533	465	default
02018ET3PCT256TF1-W2	548	458	622	465	default
19C686	631	458	653	465	default
1765	346	466	361	473	default
256T	377	466	391	473	default
230/460	403	466	426	473	default
48.2/24.1	443	466	471	473	default
93.0%	488	466	506	473	default
26	519	466	527	473	default
7⁄16"	527	466	537	473	default
02018ET3ECT256TF1-W2	548	466	622	473	default
19C687	631	466	653	473	default
25	324	478	331	486	default
1765	346	474	361	482	default
284T	377	474	391	482	default
200	409	474	420	482	default
67.9	451	474	463	482	default
93.6%	488	474	506	482	default
26	519	474	527	482	default
7⁄16"	527	474	537	482	default
02518ET3PCT284TF1-W2	548	474	622	482	default
19C688	631	474	653	482	default
1765	346	482	361	490	default
284T	377	482	391	490	default
230/460	403	482	426	490	default
59.0/29.5	443	482	471	490	default
93.6%	488	482	506	490	default
26	519	482	527	490	default
7⁄16"	527	482	537	490	default
02518ET3ECT284TF1-W2	548	482	622	490	default
19C689	631	483	653	490	default
30	324	495	331	502	default
1765	346	491	361	498	default
286T	377	491	391	498	default
200	409	491	420	498	default
80.7	451	491	463	498	default
93.6%	488	491	506	498	default
27	520	491	528	498	default
7⁄8"	528	491	536	498	default
03018ET3PCT286TF1-W2	548	491	622	498	default
19C690	631	491	653	498	default
1765	346	499	361	506	default
286T	377	499	391	506	default
230/460	403	499	426	506	default
70.2/35.1	443	499	471	506	default
93.6%	488	499	506	506	default
27	520	499	528	506	default
7⁄8"	528	499	536	506	default
03018ET3ECT286TF1-W2	548	499	622	506	default
19C691	631	499	653	506	default
40	324	511	331	519	default
1775	346	507	361	515	default
324T	377	507	391	515	default
200	409	507	420	515	default
111.0	449	507	465	515	default
94.1%	488	507	506	515	default
29	520	507	528	515	default
5⁄8"	528	507	536	515	default
04018ET3PCT324TF1-W2	548	507	622	515	default
19C692	631	507	653	515	default
1775	346	515	361	523	default
324T	377	515	391	523	default
230/460	403	515	426	523	default
96.4/48.2	443	515	471	523	default
94.1%	488	515	506	523	default
29	520	515	528	523	default
5⁄8"	528	515	536	523	default
04018ET3ECT324TF1-W2	548	515	622	523	default
19C693	631	516	653	523	default
F2	323	524	330	531	default
Conduit	332	524	355	531	default
Box	357	524	368	531	default
Position	370	524	395	531	default
1	326	536	329	543	default
1765	346	532	361	539	default
143T	377	532	391	539	default
230/460	403	532	426	539	default
2.82/1.45	443	532	471	539	default
85.5%	488	532	506	539	default
13	520	532	528	539	default
3⁄8"	528	532	536	539	default
00118ET3ECT143T-W22	550	532	620	539	default
6EGP2	633	532	652	539	default
1150	346	540	361	548	default
145T	377	540	391	548	default
230/460	403	540	426	548	default
3.5/1.75	445	540	469	548	default
82.5%	488	540	506	548	default
13	520	540	528	548	default
3⁄8"	528	540	536	548	default
00112ET3ECT145T-W22	550	540	620	548	default
6EGP3	633	540	652	548	default
1	323	553	326	560	default
1⁄2	327	553	333	560	default
1760	346	548	361	556	default
145T	377	548	391	556	default
230/460	403	548	426	556	default
4.0/2.0	447	548	467	556	default
86.5%	488	548	507	556	default
13	520	548	528	556	default
3⁄8"	528	548	536	556	default
00158ET3ECT145T-W22	550	548	620	556	default
6EGP4	633	548	652	556	default
1165	346	557	361	564	default
182T	377	557	391	564	default
230/460	403	557	426	564	default
4.8/2.4	447	557	467	564	default
87.5%	488	557	506	564	default
14	520	557	528	564	default
7⁄8"	528	557	536	564	default
00152ET3ECT182T-W22	550	557	620	564	default
6EGP5	633	557	652	564	default
2	326	569	329	576	default
1755	346	565	361	572	default
145T	377	565	391	572	default
230/460	403	565	426	572	default
5.2/2.6	447	565	467	572	default
86.5%	488	565	506	572	default
13	520	565	528	572	default
3⁄8"	528	565	536	572	default
00218ET3ECT145T-W22	550	565	620	572	default
6EGP6	633	565	652	572	default
1165	346	573	361	581	default
184T	377	573	391	581	default
230/460	403	573	426	581	default
6.5/3.25	445	573	469	581	default
88.5%	488	573	506	581	default
15	520	573	528	581	default
7⁄8"	528	573	536	581	default
00212ET3ECT184T-W22	550	573	620	581	default
6EGP7	633	573	652	581	default
3	326	585	329	593	default
1760	346	581	361	589	default
182T	377	581	391	589	default
230/460	403	581	426	589	default
7.8/3.9	447	581	467	589	default
89.5%	488	581	506	589	default
14	520	581	528	589	default
7⁄8"	528	581	536	589	default
00318ET3ECT182T-W22	550	581	620	589	default
6EGP8	633	581	652	589	default
1170	346	590	361	597	default
213T	377	590	391	597	default
230/460	403	590	426	597	default
8.8/4.4	447	590	467	597	default
89.5%	488	590	506	597	default
18	519	590	527	597	default
1⁄16"	527	590	537	597	default
00312ET3ECT213T-W22	550	590	620	597	default
6EGP9	633	590	652	597	default
5	326	610	329	618	default
1755	346	598	361	605	default
184T	377	598	391	605	default
200	409	598	420	605	default
14.8	451	598	463	605	default
89.5%	488	598	506	605	default
15	520	598	528	605	default
7⁄8"	528	598	536	605	default
00518ET3PCT184T-W22	550	598	621	605	default
6EGR0	632	598	652	605	default
1755	346	606	361	613	default
184T	377	606	391	613	default
230/460	403	606	426	613	default
12.8/6.4	445	606	469	613	default
89.5%	488	606	507	613	default
15	520	606	528	613	default
7⁄8"	528	606	536	613	default
00518ET3ECT184T-W22	550	606	620	613	default
6EGR1	632	606	652	614	default
1160	346	614	361	622	default
215T	377	614	391	622	default
200	409	614	420	622	default
15.7	451	614	463	622	default
89.5%	488	614	507	622	default
19	519	614	527	622	default
9⁄16"	527	614	537	622	default
00512ET3PCT215T-W22	550	614	621	622	default
6EGR2	632	614	652	622	default
1160	347	623	361	630	default
215T	377	623	391	630	default
230/460	403	623	426	630	default
13.7/6.8	445	623	469	630	default
89.5%	488	623	507	630	default
19	519	623	527	630	default
9⁄16"	527	623	537	630	default
00512ET3ECT215T-W22	550	623	620	630	default
6EGR3	632	623	652	630	default
7	323	643	326	651	default
1⁄2	327	643	333	651	default
1770	346	631	361	638	default
213T	377	631	391	638	default
200	409	631	420	638	default
20.7	451	631	463	638	default
91.7%	488	631	506	638	default
18	519	631	527	638	default
1⁄16"	527	631	537	638	default
00718ET3PCT213T-W22	550	631	621	638	default
6EGR4	632	631	652	638	default
1770	347	639	361	646	default
213T	377	639	391	646	default
230/460	403	639	426	646	default
19.9-18/9	443	639	471	646	default
91.7%	488	639	507	646	default
18	519	639	527	646	default
1⁄16"	527	639	537	646	default
00718ET3ECT213T-W22	550	639	620	646	default
6EGR5	632	639	652	646	default
1170	347	647	361	655	default
254T	377	647	391	655	default
200	409	647	420	655	default
22.4	451	647	463	655	default
91.0%	488	647	507	655	default
23	520	647	528	655	default
1⁄4"	528	647	536	655	default
00712ET3PCT254T-W22	550	647	621	655	default
6EGR6	632	647	652	655	default
1170	346	656	361	663	default
254T	377	656	391	663	default
230/460	403	656	426	663	default
21.0-19.0/9.5	437	656	477	663	default
91.0%	488	656	507	663	default
23	520	656	528	663	default
1⁄4"	528	656	536	663	default
00712ET3ECT254T-W22	550	656	620	663	default
6EGR7	632	656	652	663	default
10	324	676	331	683	default
1765	346	664	361	671	default
215T	377	664	391	671	default
200	409	664	420	671	default
28.5	451	664	463	671	default
91.7%	488	664	506	671	default
19	519	664	527	671	default
9⁄16"	527	664	537	671	default
01018ET3PCT215T-W22	550	664	621	671	default
6EGR8	632	664	652	671	default
1765	347	672	361	679	default
215T	377	672	391	679	default
230/460	403	672	426	679	default
25.2/12.6	443	672	471	679	default
91.7%	488	672	507	679	default
19	519	672	527	679	default
9⁄16"	527	672	537	679	default
01018ET3ECT215T-W22	550	672	620	679	default
6EGR9	632	672	652	679	default
1170	347	680	361	688	default
256T	377	680	391	688	default
200	409	680	420	688	default
29.7	451	680	463	688	default
91.0%	488	680	507	688	default
25"	524	680	533	688	default
01012ET3PCT256T-W22	550	680	621	688	default
6EGT0	633	680	652	688	default
1170	346	688	361	696	default
256T	377	688	391	696	default
230/460	403	688	426	696	default
26.5/12.9	443	688	471	696	default
91.0%	488	688	506	696	default
25"	523	688	533	696	default
01012ET3ECT256T-W22	550	688	620	696	default
6EGT1	633	689	652	696	default
15	324	709	331	716	default
1765	346	697	361	704	default
254T	377	697	391	704	default
200	409	697	420	704	default
41.4	451	697	463	704	default
92.4%	488	697	506	704	default
23	520	697	528	704	default
1⁄4"	528	697	536	704	default
01518ET3PCT254T-W22	550	697	621	704	default
6EGT2	633	697	652	704	default
1765	346	705	361	712	default
254T	377	705	391	712	default
230/460	403	705	426	712	default
36.0/18.0	443	705	471	712	default
92.4%	488	705	506	712	default
23	520	705	528	712	default
1⁄4"	528	705	536	712	default
01518ET3ECT254T-W22	550	705	620	712	default
6EGT3	633	705	652	712	default
1180	346	713	361	721	default
284T	377	713	391	721	default
200	409	713	420	721	default
41.2	451	713	463	721	default
91.7%	488	713	506	721	default
26	519	713	527	721	default
7⁄16"	527	713	537	721	default
01512ET3PCT284T-W22	550	713	621	721	default
6EGT4	633	713	652	721	default
1180	346	721	361	729	default
284T	377	721	391	729	default
230/460	403	721	426	729	default
35.8/17.9	443	721	471	729	default
91.7%	488	721	506	729	default
26	519	721	527	729	default
7⁄16"	527	721	537	729	default
01512ET3ECT284T-W22	550	721	620	729	default
6EGT5	633	721	652	729	default
20	324	742	331	749	default
1765	346	730	361	737	default
256T	377	730	391	737	default
200	409	730	420	737	default
55.4	451	730	463	737	default
93.0%	488	730	506	737	default
25"	523	730	533	737	default
02018ET3PCT256T-W22	550	730	621	737	default
6EGT6	633	730	652	737	default
1765	346	738	361	745	default
256T	377	738	391	745	default
230/460	403	738	426	745	default
48.2/24.1	443	738	471	745	default
93.0%	488	738	506	745	default
25"	523	738	533	745	default
02018ET3ECT256T-W22	550	738	620	745	default
6EGT7	633	738	652	745	default
1180	346	746	361	754	default
286T	377	746	391	754	default
200	409	746	420	754	default
55.7	451	746	463	754	default
91.7%	488	746	506	754	default
28"	523	746	533	754	default
02012ET3PCT286T-W22	550	746	621	754	default
6EGT8	633	746	652	754	default
1180	346	754	361	762	default
286T	377	754	391	762	default
230/460	403	754	426	762	default
48.4/24.2	443	754	471	762	default
91.7%	488	754	506	762	default
28"	523	754	533	762	default
02012ET3ECT286T-W22	550	754	620	762	default
6EGT9	633	754	652	762	default
25	324	775	331	782	default
1770	346	763	361	770	default
284T	377	763	391	770	default
200	409	763	420	770	default
67.9	451	763	463	770	default
93.6%	488	763	506	770	default
26	519	763	526	770	default
7⁄16"	527	763	537	770	default
02518ET3PCT284T-W22	550	763	621	770	default
6EGU0	632	763	652	770	default
1765	347	771	361	778	default
284T	377	771	391	778	default
230/460	403	771	426	778	default
59.0/29.5	443	771	471	778	default
93.6%	488	771	507	778	default
26	519	771	527	778	default
7⁄16"	527	771	537	778	default
02518ET3ECT284T-W22	550	771	620	778	default
6EGU1	632	771	652	778	default
1175	347	779	361	786	default
324T	377	779	391	786	default
200	409	779	420	786	default
69.9	451	779	463	786	default
93.0%	488	779	507	786	default
29	520	779	528	786	default
5⁄8"	528	779	536	786	default
02512ET3PCT324T-W22	550	779	621	786	default
6EGU2	632	779	652	787	default
1175	346	787	361	795	default
324T	377	787	391	795	default
230/460	403	787	426	795	default
60.8/30.4	443	787	471	795	default
93.0%	488	787	506	795	default
29	520	787	528	795	default
5⁄8"	528	787	536	795	default
02512ET3ECT324T-W22	550	787	620	795	default
6EGU3	632	787	652	795	default
30	324	808	331	815	default
1765	346	796	361	803	default
286T	377	796	391	803	default
200	409	796	420	803	default
80.7	451	796	463	803	default
93.6%	488	796	506	803	default
28"	523	796	533	803	default
03018ET3PCT286T-W22	550	796	621	803	default
6EGU4	632	796	652	803	default
1765	346	804	361	811	default
286T	377	804	391	811	default
230/460	403	804	426	811	default
70.2/35.1	443	804	471	811	default
93.6%	488	804	506	811	default
28"	523	804	533	811	default
03018ET3ECT286T-W22	550	804	620	811	default
6EGU5	632	804	652	811	default
1175	346	812	361	819	default
326T	377	812	391	819	default
200	409	812	420	819	default
82.2	451	812	463	819	default
93.0%	488	812	506	819	default
31	520	812	528	819	default
1⁄8"	528	812	536	819	default
03012ET3PCT326T-W22	550	812	621	819	default
6EGU6	632	812	652	820	default
1175	346	820	361	828	default
326T	377	820	391	828	default
230/460	403	820	426	828	default
71.6/35.8	443	820	471	828	default
93.0%	488	820	506	828	default
31	520	820	528	828	default
1⁄8"	528	820	536	828	default
03012ET3ECT326T-W22	550	820	620	828	default
6EGU7	632	820	652	828	default
40	324	833	331	840	default
1775	346	829	361	836	default
324T	377	829	391	836	default
230/460	403	829	426	836	default
96.5/48.3	443	829	471	836	default
94.1%	488	829	506	836	default
29	520	829	528	836	default
5⁄8"	528	829	536	836	default
04018ET3ECT324T-W22	550	829	620	836	default
6EGU8	632	829	652	836	default
1185	346	837	361	844	default
364T	377	837	391	844	default
230/460	403	837	426	844	default
94.2/47.1	443	837	471	844	default
94.1%	488	837	506	844	default
33	520	837	528	844	default
1⁄8"	528	837	536	844	default
04012ET3ECT364T-W22	550	837	620	844	default
6EGU9	632	837	652	844	default
50	324	849	331	857	default
1780	346	845	361	852	default
326T	377	845	391	852	default
230/460	403	845	426	852	default
118.0/59.2	441	845	473	852	default
94.5%	488	845	506	852	default
31	520	845	528	852	default
1⁄8"	528	845	536	852	default
05018ET3ECT326T-W22	550	845	620	852	default
6EGV0	633	845	652	852	default
1180	346	853	361	861	default
365T	377	853	391	861	default
230/460	403	853	426	861	default
115.0/57.4	441	853	473	861	default
94.1%	488	853	506	861	default
34	520	853	528	861	default
1⁄4"	528	853	536	861	default
05012ET3ECT365T-W22	550	853	620	861	default
6EGV1	633	853	652	861	default
60	324	866	331	873	default
1780	346	861	361	869	default
364T	377	861	391	869	default
230/460	403	861	426	869	default
137.0/68.4	441	861	473	869	default
95.0%	488	861	506	869	default
34	520	861	528	869	default
1⁄4"	528	861	536	869	default
06018ET3ECT364T-W22	550	861	620	869	default
6EGV2	633	862	652	869	default
1180	346	870	361	877	default
404T	377	870	391	877	default
230/460	403	870	426	877	default
141.0/70.4	441	870	473	877	default
94.5%	488	870	506	877	default
39	520	870	528	877	default
3⁄4"	528	870	536	877	default
06012ET3ECT404T-W22	550	870	620	877	default
6EGV3	633	870	652	877	default
75	324	882	331	889	default
1775	346	878	361	885	default
365T	377	878	391	885	default
230/460	403	878	426	885	default
168.0/84.1	441	878	473	885	default
95.4%	488	878	507	885	default
34	520	878	528	885	default
1⁄4"	528	878	536	885	default
07518ET3ECT365T-W22	550	878	620	885	default
6EGV4	633	878	652	885	default
1180	346	886	361	894	default
405T	377	886	391	894	default
230/460	403	886	426	894	default
170.0/84.9	441	886	473	894	default
94.5%	488	886	506	894	default
39	520	886	528	894	default
3⁄4"	528	886	536	894	default
07512ET3ECT405T-W22	550	886	620	894	default
6EGV5	633	886	652	894	default
100	322	899	333	906	default
1775	346	894	361	902	default
405T	377	894	391	902	default
230/460	403	894	426	902	default
222.0/111.0	440	894	474	902	default
95.4%	488	894	506	902	default
39	520	894	528	902	default
3⁄4"	528	894	536	902	default
10018ET3ECT405T-W22	550	894	620	902	default
6EGV6	633	895	652	902	default
1190	346	903	361	910	default
444T	377	903	391	910	default
230/460	403	903	426	910	default
242.0/121.0	440	903	474	910	default
95.0%	488	903	506	910	default
45	520	903	528	910	default
1⁄4"	528	903	536	910	default
10012ET3ECT444T-W22	550	903	620	910	default
6EGV7	633	903	652	910	default
F1	150	355	160	363	default
Conduit	162	355	193	363	default
Box	146	365	162	372	default
Position	164	365	197	372	default
▪	490	144	494	152	default
Mounting:	497	145	535	155	default
rigid	537	145	553	155	default
base	556	145	574	155	default
▪	490	155	494	163	default
Frame	497	156	521	166	default
material:	523	156	557	166	default
cast-iron	558	156	592	166	default
▪	490	167	494	174	default
Bearings:	497	167	533	177	default
ball	535	167	548	177	default
▪	490	178	494	185	default
Max.	497	178	515	188	default
ambient	518	178	548	188	default
temp.:	550	178	574	188	default
40°C	576	178	594	188	default
▪	490	189	494	196	default
Usable	497	189	523	199	default
at	525	189	532	199	default
208V	534	189	553	199	default
▪	490	200	494	207	default
Warranty:	497	200	533	210	default
3	535	200	540	210	default
yr.	542	200	551	210	default
F2	193	639	202	646	default
Conduit	205	639	236	646	default
Box	189	648	205	656	default
Position	207	648	239	656	default
Durable	320	223	348	233	default
synthetic	351	223	383	233	default
enamel	385	223	412	233	default
alkyd	414	223	433	233	default
resin	435	223	453	233	default
paint	455	223	473	233	default
resists	476	223	499	233	default
corrosion.	501	223	537	233	default
V-ring	539	223	560	233	default
slingers	563	223	591	233	default
and	593	223	606	233	default
umbrella	609	223	640	233	default
seal	320	234	335	244	default
on	337	234	346	244	default
both	348	234	364	244	default
endshields	367	234	405	244	default
protect	407	234	433	244	default
bearings	435	234	466	244	default
from	468	234	485	244	default
moisture	487	234	519	244	default
and	521	234	534	244	default
contaminants.	537	234	588	244	default
Multiple	590	234	618	244	default
endbell	620	234	647	244	default
drains	320	245	343	255	default
provide	345	245	371	255	default
for	374	245	383	255	default
shaft-up,	386	245	418	255	default
-down,	420	245	446	255	default
or	448	245	455	255	default
-horizontal	457	245	496	255	default
mounting.	498	245	534	255	default
Include	536	245	562	255	default
threaded	564	245	596	255	default
conduit	598	245	625	255	default
box	627	245	640	255	default
with	642	245	657	255	default
automatic	320	256	356	266	default
drain	358	256	377	266	default
and	379	256	392	266	default
rubber	395	256	418	266	default
lead	420	256	436	266	default
separators	438	256	476	266	default
at	478	256	485	266	default
the	488	256	499	266	default
motor	501	256	522	266	default
frame.	525	256	548	266	default
Stainless	550	256	582	266	default
steel	585	256	602	266	default
laser-etched	604	256	649	266	default
nameplate	320	267	358	277	default
maintains	361	267	396	277	default
information	398	267	439	277	default
over	441	267	457	277	default
long	459	267	474	277	default
life.	477	267	490	277	default
Suitable	492	267	521	277	default
for	523	267	533	277	default
operation	535	267	569	277	default
in	571	267	578	277	default
100%	580	267	601	277	default
humidity	604	267	635	277	default
and	637	267	650	277	default
corrosive	320	278	353	288	default
environments.	355	278	406	288	default
For	408	278	420	288	default
use	422	278	435	288	default
in	437	278	444	288	default
cooling	446	278	472	288	default
tower	474	278	494	288	default
applications	497	278	540	288	default
where	542	278	565	288	default
the	567	278	578	288	default
motor	581	278	602	288	default
is	604	278	610	288	default
mounted	612	278	644	288	default
in	646	278	653	288	default
the	320	290	332	299	default
airstream.	334	290	371	299	default
Meet	373	290	390	299	default
IP55	393	290	409	299	default
enclosure	411	290	446	299	default
rating.	448	290	471	299	default
UL	473	290	483	299	default
Recognized	485	290	526	299	default
and	529	290	542	299	default
CSA	544	290	559	299	default
Certified.	561	290	594	299	default
Note:	77	145	92	153	default
Motors	94	145	114	153	default
are	116	145	125	153	default
suitable	127	145	150	153	default
for	152	145	160	153	default
use	162	145	172	153	default
at	174	145	180	153	default
50	181	145	189	153	default
Hz	191	145	198	153	default
at	200	145	206	153	default
rated	208	145	223	153	default
HP	225	145	233	153	default
and	235	145	245	153	default
1.25	247	145	261	153	default
service	262	145	283	153	default
factor.	285	145	303	153	default
Can’t	108	797	133	808	default
find	136	797	153	808	default
it	156	797	162	808	default
here?	164	797	190	808	default
Go	108	810	122	820	default
to	125	810	134	820	default
Grainger.com®	137	810	208	820	default
today	211	810	237	820	default
to	240	810	249	820	default
see	252	810	268	820	default
our	108	822	123	833	default
full	126	822	140	833	default
selection	143	822	184	833	default
of	187	822	196	833	default
over	199	822	219	833	default
1.7	222	823	236	833	default
million	239	823	271	833	default
products	108	835	152	846	default
and	155	835	173	845	default
the	175	835	190	845	default
services	193	835	234	846	default
and	237	835	255	846	default
solutions	108	848	153	858	default
to	156	848	165	858	default
help	168	848	188	858	default
you	191	848	208	858	default
get	210	848	225	858	default
it	228	848	234	858	default
done!	236	848	262	858	default
FIND	108	779	143	794	default
MORE	147	779	191	794	default
ONLINE	196	779	251	794	default
##LTFigure##	66	187	315	356	default
##LTFigure##	66	463	318	640	default
