Definite	563	69	604	82	default
Purpose	607	69	651	82	default
Motors	654	69	691	82	default
IMPORTANT	231	920	265	927	default
MOTOR	267	920	288	927	default
INFORMATION:	290	920	333	927	default
Refer	334	920	349	927	default
to	351	920	356	927	default
pages	358	920	375	927	default
3-7	377	920	386	927	default
for	388	920	396	927	default
selection	398	920	423	927	default
guidelines,	425	920	455	927	default
standardized	457	920	493	927	default
dimensions,	494	920	528	927	default
thermal	530	920	551	927	default
protection	553	920	581	927	default
information,	583	920	617	927	default
UL	271	927	278	934	default
507	280	927	290	934	default
Standard	292	927	317	934	default
location	319	927	341	934	default
information,	343	927	377	934	default
NEMA	378	927	395	934	default
&	397	927	401	934	default
IEC	403	927	412	934	default
guidelines,	413	927	444	934	default
energy	445	927	464	934	default
legislation	466	927	495	934	default
information,	497	927	531	934	default
and	532	927	542	934	default
terminology.	544	927	579	934	default
1-800-GRAINGER	100	922	168	931	default
(472-4643)	170	922	210	931	default
MOTORS	641	54	691	69	default
33	676	918	691	932	default
Scan.	101	54	133	69	default
Order.	136	54	170	69	default
Done.	173	54	206	69	default
Details	101	68	131	81	default
on	134	68	145	81	default
page	148	68	170	81	default
A1.	173	68	187	81	default
3-Phase	101	91	159	108	default
Painted	163	91	216	108	default
Washdown	220	91	297	108	default
Motors	301	91	350	108	default
▪	101	109	105	117	default
Rotation:	108	110	141	120	default
CW/CCW	143	110	176	120	default
▪	101	121	105	128	default
Thermal	108	121	139	131	default
protection:	141	121	181	131	default
none	183	121	201	131	default
▪	101	132	105	139	default
Insulation:	108	132	147	142	default
Class	149	132	169	142	default
F	171	132	175	142	default
*	101	676	105	683	default
50/60	106	676	123	683	default
Hz.	125	676	134	683	default
HP	105	237	114	244	default
NameplateRPM	122	230	155	244	default
Frame	164	237	183	244	default
Voltage	197	237	220	244	default
Full	235	230	247	237	default
Load	248	230	263	237	default
Amps	241	237	257	244	default
ServiceFactor	271	230	294	244	default
Nom.	306	230	322	237	default
Efficiency	300	237	328	244	default
ShaftDia.	338	230	353	244	default
ShaftLength	361	230	381	244	default
LengthLess	387	230	413	244	default
Shaft	403	237	418	244	default
ItemNo.	427	230	440	244	default
Totally	104	245	124	253	default
Enclosed	126	245	153	253	default
Fan-Cooled,	155	245	191	253	default
Face/Base-Mount	193	245	245	253	default
2	108	258	111	265	default
3505	131	254	146	261	default
145TC	164	254	183	261	default
230/460	196	254	220	261	default
4.9/2.4	239	254	259	261	default
1.15	276	254	289	261	default
86.5%	305	254	323	261	default
7⁄8"	342	254	349	261	default
2	365	254	369	261	default
1⁄8"	369	254	377	261	default
11	393	254	400	261	default
13⁄16"	400	254	413	261	default
5XAT3	424	254	443	261	default
*	446	254	450	261	default
1750	131	262	146	269	default
145TC	164	262	183	269	default
230/460	196	262	220	269	default
5.7/2.8	239	262	259	269	default
1.15	276	262	289	269	default
86.5%	305	262	323	269	default
7⁄8"	342	262	349	269	default
2	365	262	369	269	default
1⁄8"	369	262	377	269	default
12	395	262	402	269	default
5⁄8"	403	262	410	269	default
5XAT4	424	262	443	269	default
*	446	262	450	269	default
3	108	274	111	282	default
3535	131	270	146	277	default
182TC	164	270	183	277	default
230/460	196	270	220	277	default
7.4/3.7	239	270	259	277	default
1.15	276	270	289	277	default
88.5%	305	270	323	277	default
1	340	270	343	277	default
1⁄8"	344	270	351	277	default
2	365	270	369	277	default
5⁄8"	369	270	377	277	default
16	394	270	401	277	default
3⁄64"	401	270	412	277	default
5XAT7	424	270	443	277	default
1765	131	278	146	286	default
182TC	164	278	183	286	default
230/460	196	278	220	286	default
7.6/3.8	239	278	259	286	default
1.15	276	278	289	286	default
89.5%	305	278	323	286	default
1	340	278	343	286	default
1⁄8"	344	278	351	286	default
2	365	278	369	286	default
5⁄8"	369	278	377	286	default
14	395	278	402	286	default
1⁄8"	403	278	410	286	default
5XAU0	424	278	444	286	default
*	446	278	450	286	default
5	108	286	111	294	default
1755	131	286	146	294	default
184TC	164	286	183	294	default
230/460	196	286	220	294	default
12.5/6.2	237	286	261	294	default
1.15	276	286	289	294	default
89.5%	305	286	323	294	default
1	340	286	343	294	default
1⁄8"	344	286	351	294	default
2	365	286	369	294	default
5⁄8"	369	286	377	294	default
14	395	286	402	294	default
1⁄8"	403	286	410	294	default
5XAU1	424	287	444	294	default
7	105	295	108	302	default
1⁄2	108	295	114	302	default
1765	131	295	146	302	default
213TC	164	295	183	302	default
230/460	196	295	220	302	default
18.2/9.1	237	295	261	302	default
1.15	276	295	289	302	default
91.7%	305	295	323	302	default
1	340	295	343	302	default
3⁄8"	344	295	351	302	default
3	365	295	369	302	default
1⁄8"	369	295	377	302	default
16	395	295	402	302	default
1⁄4"	403	295	410	302	default
5XAV0	424	295	443	302	default
*	446	295	450	302	default
10	106	303	113	310	default
1760	131	303	146	310	default
215TC	164	303	183	310	default
230/460	196	303	220	310	default
24.0/12.0	235	303	263	310	default
1.15	276	303	289	310	default
91.7%	305	303	323	310	default
1	340	303	343	310	default
3⁄8"	344	303	351	310	default
3	365	303	369	310	default
1⁄8"	369	303	377	310	default
17	395	303	402	310	default
1⁄4"	403	303	410	310	default
5XAV1	424	303	443	310	default
*	446	303	450	310	default
Totally	104	311	124	319	default
Enclosed	126	311	153	319	default
Fan-Cooled,	155	311	191	319	default
Face-Mount	193	311	229	319	default
3	108	319	111	327	default
1765	131	319	146	327	default
182TC	164	319	183	327	default
230/460	196	319	220	327	default
7.6/3.8	239	319	259	327	default
1.15	276	319	289	327	default
89.5%	305	319	323	327	default
1	340	319	343	327	default
1⁄8"	344	319	351	327	default
2	365	319	369	327	default
5⁄8"	369	319	377	327	default
14	395	319	402	327	default
1⁄8"	403	319	410	327	default
5XAU5	424	319	444	327	default
*	446	319	450	327	default
5	108	332	111	339	default
3525	131	328	146	335	default
184TC	164	328	183	335	default
230/460	196	328	220	335	default
12.0/6.0	237	328	261	335	default
1.15	276	328	289	335	default
89.5%	305	328	323	335	default
1	339	328	343	335	default
1⁄8”	343	328	352	335	default
2	365	328	369	335	default
5⁄8"	369	328	377	335	default
14	395	328	402	335	default
1⁄8"	403	328	410	335	default
5XAU6	424	328	444	335	default
*	446	328	450	335	default
1755	131	336	146	343	default
184TC	164	336	183	343	default
230/460	196	336	220	343	default
12.5/6.2	237	336	261	343	default
1.15	276	336	289	343	default
89.5%	305	336	323	343	default
1	339	336	343	343	default
1⁄8”	343	336	352	343	default
2	365	336	369	343	default
5⁄8"	369	336	377	343	default
14	395	336	402	343	default
1⁄8"	403	336	410	343	default
5XAU7	424	336	444	343	default
*	446	336	450	343	default
7	105	348	108	356	default
1⁄2	108	348	114	356	default
3520	131	344	146	352	default
213TC	164	344	183	352	default
230/460	196	344	220	352	default
17.4/8.7	237	344	261	352	default
1.15	276	344	289	352	default
91.0%	305	344	323	352	default
1	340	344	343	352	default
3⁄8"	344	344	351	352	default
3	365	344	369	352	default
1⁄8"	369	344	377	352	default
18	395	344	402	352	default
1⁄4"	403	344	410	352	default
5XAU9	424	344	444	352	default
*	446	344	450	352	default
1765	131	352	146	360	default
213TC	164	352	183	360	default
230/460	196	352	220	360	default
18.2/9.1	237	352	261	360	default
1.15	276	352	289	360	default
91.7%	305	352	323	360	default
1	340	352	343	360	default
3⁄8"	344	352	351	360	default
3	365	352	369	360	default
1⁄8"	369	352	377	360	default
16	395	352	402	360	default
1⁄4"	403	352	410	360	default
2DAM7	423	352	444	360	default
10	106	365	113	372	default
3515	131	361	146	368	default
215TC	164	361	183	368	default
230/460	196	361	220	368	default
23.1/11.6	235	361	263	368	default
1.15	276	361	289	368	default
91.0%	305	361	323	368	default
1	340	361	343	368	default
3⁄8"	344	361	351	368	default
3	365	361	369	368	default
1⁄8"	369	361	377	368	default
18	395	361	402	368	default
1⁄4"	403	361	410	368	default
2DAM8	423	361	444	368	default
1760	131	369	146	376	default
215TC	164	369	183	376	default
230/460	196	369	220	376	default
23.9/11.9	235	369	263	376	default
1.15	276	369	289	376	default
91.7%	305	369	323	376	default
1	340	369	343	376	default
3⁄8"	344	369	351	376	default
3	365	369	369	376	default
1⁄8"	369	369	377	376	default
17	395	369	402	376	default
1⁄4"	403	369	410	376	default
2DAM9	423	369	444	376	default
15	106	377	113	385	default
3540	131	377	146	385	default
215TC	164	377	183	385	default
230/460	196	377	220	385	default
35.0/17.4	235	377	263	385	default
1.15	276	377	289	385	default
93.0%	305	377	323	385	default
1	340	377	343	385	default
3⁄8"	344	377	351	385	default
3	365	377	369	385	default
1⁄8"	369	377	377	385	default
19	395	377	402	385	default
1⁄4"	403	377	410	385	default
2DAN1	424	377	444	385	default
Totally	104	385	124	393	default
Enclosed	126	385	153	393	default
Fan-Cooled,	155	385	191	393	default
Rigid	193	385	208	393	default
Base-Mount	210	385	246	393	default
1⁄2	106	394	112	401	default
1750	131	394	146	401	default
56	170	394	177	401	default
230/460	196	394	220	401	default
1.6./0.8	238	394	260	401	default
1.15	276	394	289	401	default
78.5%	305	394	323	401	default
5⁄8"	342	394	349	401	default
1	365	394	369	401	default
7⁄8"	369	394	377	401	default
11	395	394	402	401	default
1⁄2"	403	394	410	401	default
2DAK7	424	394	444	401	default
3⁄4	106	402	112	409	default
1745	131	402	146	409	default
56	170	402	177	409	default
230/460	196	402	220	409	default
2.3/1.2	239	402	259	409	default
1.15	276	402	289	409	default
81.5%	305	402	323	409	default
5⁄8"	342	402	349	409	default
1	365	402	369	409	default
7⁄8"	369	402	377	409	default
11	395	402	402	409	default
1⁄2"	403	402	410	409	default
2DAK8	424	402	444	409	default
1	108	410	111	417	default
1750	131	410	146	417	default
143T	166	410	181	417	default
230/460	196	410	220	417	default
3.0/1.5	239	410	259	417	default
1.15	276	410	289	417	default
85.5%	305	410	323	417	default
7⁄8"	342	410	349	417	default
2	365	410	369	417	default
3⁄8"	369	410	377	417	default
11	395	410	402	417	default
1⁄2"	403	410	410	417	default
5XAT8	424	410	443	418	default
*	446	410	450	417	default
1	105	418	108	426	default
1⁄2	108	418	114	426	default
1755	131	418	146	426	default
145T	166	418	181	426	default
230/460	196	418	220	426	default
4.3/2.1	239	418	259	426	default
1.15	276	418	289	426	default
86.5%	305	418	323	426	default
7⁄8"	342	418	349	426	default
2	364	418	368	426	default
5⁄16"	368	418	378	426	default
12"	398	418	407	426	default
5XAT9	424	418	443	426	default
*	446	418	450	426	default
2	108	427	111	434	default
1750	131	427	146	434	default
145T	166	427	181	434	default
230/460	196	427	220	434	default
5.7/2.8	239	427	259	434	default
1.15	276	427	289	434	default
86.5%	305	427	323	434	default
7⁄8"	342	427	349	434	default
2	365	427	369	434	default
3⁄8"	369	427	377	434	default
12"	398	427	407	434	default
5XAT5	424	427	443	434	default
*	446	427	450	434	default
3	108	435	111	442	default
1765	131	435	146	442	default
182T	166	435	181	442	default
230/460	196	435	220	442	default
7.6/3.8	239	435	259	442	default
1.15	276	435	289	442	default
89.5%	305	435	323	442	default
1	340	435	343	442	default
1⁄8"	344	435	351	442	default
3"	368	435	374	442	default
12	395	435	402	442	default
3⁄4"	403	435	410	442	default
5XAU2	424	435	444	442	default
*	446	435	450	442	default
5	108	447	111	455	default
3525	131	443	146	450	default
184T	166	443	181	450	default
230/460	196	443	220	450	default
12.1/6.1	237	443	261	450	default
1.15	276	443	289	450	default
89.5%	305	443	323	450	default
1	340	443	343	450	default
1⁄8"	344	443	351	450	default
3"	368	443	374	450	default
12	395	443	402	450	default
3⁄4"	403	443	410	450	default
5XAU3	424	443	444	450	default
*	446	443	450	450	default
1755	131	451	146	459	default
184T	166	451	181	459	default
230/460	196	451	220	459	default
12.5/6.2	237	451	261	459	default
1.15	276	451	289	459	default
89.5%	305	451	323	459	default
1	340	451	343	459	default
1⁄8"	344	451	351	459	default
3"	368	451	374	459	default
12	395	451	402	459	default
3⁄4"	403	451	410	459	default
5XAU4	424	451	444	459	default
*	446	451	450	459	default
7	105	464	108	471	default
1⁄2	108	464	114	471	default
3520	131	460	146	467	default
213T	166	460	181	467	default
230/460	196	460	220	467	default
17.4/8.7	237	460	261	467	default
1.15	276	460	289	467	default
91.0%	305	460	323	467	default
1	340	460	343	467	default
3⁄8"	344	460	351	467	default
3	365	460	369	467	default
5⁄8"	369	460	377	467	default
16	395	460	402	467	default
5⁄8"	403	460	410	467	default
5XAU8	424	460	444	467	default
*	446	460	450	467	default
1765	131	468	146	475	default
213T	166	468	181	475	default
230/460	196	468	220	475	default
18.2/9.1	237	468	261	475	default
1.15	276	468	289	475	default
91.7%	305	468	323	475	default
1	340	468	343	475	default
3⁄8"	344	468	351	475	default
3	365	468	369	475	default
5⁄8"	369	468	377	475	default
14	395	468	402	475	default
5⁄8"	403	468	410	475	default
5XAV2	424	468	443	475	default
*	446	468	450	475	default
10	106	476	113	483	default
1760	131	476	146	483	default
215T	166	476	181	483	default
230/460	196	476	220	483	default
24.0/12.0	235	476	263	483	default
1.15	276	476	289	483	default
91.7%	305	476	323	483	default
1	340	476	343	483	default
3⁄8"	344	476	351	483	default
3	365	476	369	483	default
3⁄8"	369	476	377	483	default
15	395	476	402	483	default
5⁄8"	403	476	410	483	default
5XAV3	424	476	443	483	default
*	446	476	450	483	default
Totally	104	484	124	492	default
Enclosed	126	484	153	492	default
Nonventilated,	155	484	199	492	default
Face/Base-Mount	200	484	253	492	default
1⁄2	106	497	112	504	default
3550	131	492	146	500	default
56C	168	492	179	500	default
230/460	196	492	220	500	default
1.4/0.7	239	492	259	500	default
1.15	276	492	289	500	default
82.5%	305	492	323	500	default
5⁄8"	342	492	349	500	default
2"	368	492	374	500	default
9	395	492	398	500	default
11⁄16"	398	492	411	500	default
1TRZ7	424	493	443	500	default
1750	131	501	146	508	default
56C	168	501	179	508	default
230/460	196	501	220	508	default
1.6/0.8	239	501	259	508	default
1.15	276	501	289	508	default
80.0%	305	501	323	508	default
5⁄8"	342	501	349	508	default
2"	368	501	374	508	default
9	397	501	401	508	default
1⁄4"	401	501	409	508	default
1TRZ3	424	501	443	508	default
3⁄4	106	513	112	520	default
3500	131	509	146	516	default
56C	168	509	179	516	default
230/460	196	509	220	516	default
2.0/1.0	239	509	259	516	default
1.15	276	509	289	516	default
80.0%	305	509	323	516	default
5⁄8"	342	509	349	516	default
2"	368	509	374	516	default
9	397	509	401	516	default
1⁄4"	401	509	409	516	default
1TRZ8	424	509	443	516	default
1745	131	517	146	525	default
56C	168	517	179	525	default
230/460	196	517	220	525	default
2.3/1.2	239	517	259	525	default
1.15	276	517	289	525	default
81.5%	305	517	323	525	default
5⁄8"	342	517	349	525	default
2"	368	517	374	525	default
9	397	517	401	525	default
1⁄4"	401	517	409	525	default
1TRZ4	424	517	443	525	default
1	108	534	111	541	default
3520	131	525	146	533	default
56C	168	525	179	533	default
230/460	196	525	220	533	default
2.5/1.3	239	525	259	533	default
1.15	276	525	289	533	default
85.5%	305	525	323	533	default
5⁄8"	342	525	349	533	default
2"	368	525	374	533	default
9	395	525	398	533	default
11⁄16"	398	525	411	533	default
1TRZ9	424	525	443	533	default
1750	131	534	146	541	default
143TC	164	534	183	541	default
230/460	196	534	220	541	default
3.0/1.5	239	534	259	541	default
1.15	276	534	289	541	default
85.5%	305	534	323	541	default
7⁄8"	342	534	349	541	default
2	365	534	369	541	default
1⁄8"	369	534	377	541	default
10	394	534	401	541	default
3⁄16"	401	534	412	541	default
1TRZ2	424	534	443	541	default
1750	131	542	146	549	default
56C	168	542	179	549	default
230/460	196	542	220	549	default
3.0/1.5	239	542	259	549	default
1.15	276	542	289	549	default
85.5%	305	542	323	549	default
5⁄8"	342	542	349	549	default
2"	368	542	374	549	default
10	395	542	402	549	default
1⁄4"	403	542	410	549	default
1TRZ6	424	542	443	549	default
1	105	558	108	566	default
1⁄2	108	558	114	566	default
3505	131	550	146	558	default
56HC	166	550	182	558	default
230/460	196	550	220	558	default
3.6/1.8	239	550	259	558	default
1.15	276	550	289	558	default
86.5%	305	550	323	558	default
5⁄8"	342	550	349	558	default
2"	368	550	374	558	default
10	395	550	402	558	default
3⁄4"	403	550	410	558	default
1TTA1	425	550	443	558	default
1750	131	558	146	566	default
145TC	164	558	183	566	default
230/460	196	558	220	566	default
4.3/2.1	239	558	259	566	default
1.15	276	558	289	566	default
86.5%	305	558	323	566	default
7⁄8"	342	558	349	566	default
2	365	558	369	566	default
1⁄8"	369	558	377	566	default
10	393	558	400	566	default
11⁄16"	400	558	413	566	default
1TRZ1	424	558	443	566	default
1750	131	567	146	574	default
56HC	166	567	182	574	default
230/460	196	567	220	574	default
4.3/2.1	239	567	259	574	default
1.00	276	567	289	574	default
86.5%	305	567	323	574	default
5⁄8"	342	567	349	574	default
2"	368	567	374	574	default
10	393	567	400	574	default
11⁄16"	400	567	413	574	default
1TRZ5	424	567	443	574	default
Totally	104	575	124	582	default
Enclosed	126	575	153	582	default
Nonventilated,	155	575	199	582	default
Face-Mount	200	575	236	582	default
1⁄3	106	583	112	590	default
1765	131	583	146	590	default
56C	168	583	179	590	default
230/460	196	583	220	590	default
1.5/0.7	239	583	259	590	default
1.15	276	583	289	590	default
74.0%	305	583	323	590	default
5⁄8"	342	583	349	590	default
2"	368	583	374	590	default
8	395	583	398	590	default
11⁄16"	398	583	411	590	default
1TTB1	424	583	443	591	default
1⁄2	106	591	112	599	default
1750	131	591	146	599	default
56C	168	591	179	599	default
230/460	196	591	220	599	default
1.6/8.0	239	591	259	599	default
1.15	276	591	289	599	default
80.0%	305	591	323	599	default
5⁄8"	342	591	349	599	default
2"	368	591	374	599	default
9	396	591	399	599	default
3⁄16"	400	591	410	599	default
1TTB6	424	591	443	599	default
3⁄4	106	604	112	611	default
3500	131	600	146	607	default
56C	168	600	179	607	default
230/460	196	600	220	607	default
2.0/1.0	239	600	259	607	default
1.15	276	600	289	607	default
80.0%	305	600	323	607	default
5⁄8"	342	600	349	607	default
2"	368	600	374	607	default
9	396	600	399	607	default
3⁄16"	400	600	410	607	default
1TTA3	425	600	443	607	default
1745	131	608	146	615	default
56C	168	608	179	615	default
230/460	196	608	220	615	default
2.3/1.2	239	608	259	615	default
1.15	276	608	289	615	default
82.5%	305	608	323	615	default
5⁄8"	342	608	349	615	default
2"	368	608	374	615	default
9	396	608	399	615	default
3⁄16"	400	608	410	615	default
1TTB5	424	608	443	615	default
1	108	620	111	628	default
1750	131	616	146	623	default
56C	168	616	179	623	default
230/460	196	616	220	623	default
3.1/1.5	239	616	259	623	default
1.15	276	616	289	623	default
85.5%	305	616	323	623	default
5⁄8"	342	616	349	623	default
1	365	616	369	623	default
7⁄8"	369	616	377	623	default
10	394	616	401	623	default
3⁄16"	401	616	412	623	default
48ZJ94	423	616	444	623	default
1750	131	624	146	632	default
143TC	164	624	183	632	default
230/460	196	624	220	632	default
3.0/1.5	239	624	259	632	default
1.15	276	624	289	632	default
85.5%	305	624	323	632	default
7⁄8"	342	624	349	632	default
2	365	624	369	632	default
1⁄8"	369	624	377	632	default
10	394	624	401	632	default
3⁄16"	401	624	412	632	default
1TTB7	424	624	443	632	default
1	104	633	108	640	default
1⁄2	108	633	114	640	default
1750	131	633	146	640	default
145TC	164	633	183	640	default
230/460	196	633	220	640	default
4.3/2.1	239	633	259	640	default
1.00	276	633	289	640	default
86.5%	305	633	323	640	default
7⁄8"	342	633	349	640	default
2	365	633	369	640	default
1⁄8"	369	633	377	640	default
10	393	633	400	640	default
11⁄16"	400	633	413	640	default
1TTB8	424	633	443	640	default
Totally	104	641	124	648	default
Enclosed	126	641	153	648	default
Nonventilated,	155	641	199	648	default
Rigid	200	641	216	648	default
Base-Mount	218	641	254	648	default
1⁄2	106	649	112	656	default
1750	131	649	146	656	default
56	170	649	177	656	default
230/460	196	649	220	656	default
1.6./0.8	238	649	260	656	default
1.15	276	649	289	656	default
78.5%	305	649	323	656	default
5⁄8"	342	649	349	656	default
1	365	649	369	656	default
7⁄8"	369	649	377	656	default
8	397	649	401	656	default
7⁄8"	401	649	409	656	default
1TTC3	424	649	443	656	default
3⁄4	106	657	112	665	default
1745	131	657	146	665	default
56	170	657	177	665	default
230/460	196	657	220	665	default
2.3/1.2	239	657	259	665	default
1.15	276	657	289	665	default
81.5%	305	657	323	665	default
5⁄8"	342	657	349	665	default
1	365	657	369	665	default
7⁄8"	369	657	377	665	default
8	397	657	401	665	default
7⁄8"	401	657	409	665	default
1TTC2	424	657	443	665	default
1	108	665	111	673	default
1750	131	665	146	673	default
56	170	665	177	673	default
230/460	196	665	220	673	default
3.0/1.5	239	665	259	673	default
1.15	276	665	289	673	default
85.5%	305	665	323	673	default
5⁄8"	342	665	349	673	default
1	365	665	369	673	default
7⁄8"	369	665	377	673	default
9	397	665	401	673	default
7⁄8"	401	665	409	673	default
1TTC1	424	666	443	673	default
▪	220	109	224	117	default
Inverter	227	110	256	120	default
rated	258	110	277	120	default
▪	220	121	224	128	default
Bearings:	227	121	262	131	default
ball	264	121	277	131	default
▪	220	132	224	139	default
Max.	227	132	245	142	default
ambient	247	132	277	142	default
temp.:	280	132	303	142	default
40°C	305	132	324	142	default
NEMA	101	145	122	155	default
premium	124	145	157	155	default
efficient	159	145	188	155	default
motors	190	145	215	155	default
built	217	145	233	155	default
as	235	145	244	155	default
washdown	246	145	285	155	default
motors.	287	145	314	155	default
Copper	316	145	342	155	default
windings	344	145	376	155	default
are	379	145	390	155	default
cured	393	145	413	155	default
in	415	145	422	155	default
protec-	424	145	450	155	default
tive	101	156	113	166	default
polyester	116	156	148	166	default
compound.	151	156	191	166	default
303	193	156	207	166	default
stainless	209	156	241	166	default
steel	243	156	260	166	default
shaft.	262	156	282	166	default
V-ring	284	156	306	166	default
rotating	308	156	336	166	default
seal.	338	156	355	166	default
Double-sealed,	357	156	411	166	default
oversize	413	156	442	166	default
bearings	101	168	131	177	default
and	134	168	147	177	default
spring-loaded	149	168	199	177	default
contact	201	168	228	177	default
seals	230	168	249	177	default
in	251	168	258	177	default
each	260	168	277	177	default
endshield	279	168	314	177	default
are	316	168	328	177	default
lubricated	330	168	366	177	default
with	368	168	384	177	default
moisture-resistant	386	168	452	177	default
grease.	101	179	127	188	default
Conduit	129	179	156	188	default
boxes	159	179	180	188	default
have	182	179	199	188	default
drains	202	179	224	188	default
to	226	179	233	188	default
shed	235	179	253	188	default
excess	255	179	280	188	default
moisture.	282	179	316	188	default
Bearing	318	179	345	188	default
cavities	347	179	375	188	default
are	377	179	389	188	default
packed	391	179	417	188	default
to	419	179	426	188	default
help	428	179	444	188	default
keep	101	190	118	200	default
moisture	120	190	152	200	default
out.	154	190	168	200	default
White	169	190	190	200	default
epoxy	192	190	213	200	default
finish	215	190	235	200	default
provides	237	190	268	200	default
superior	270	190	299	200	default
resistance	302	190	338	200	default
to	341	190	348	200	default
caustic	350	190	375	200	default
cleaning	378	190	408	200	default
solutions.	410	190	444	200	default
For	101	201	112	211	default
high	114	201	130	211	default
humidity/wet	132	201	179	211	default
environments	181	201	230	211	default
and	232	201	245	211	default
areas	248	201	268	211	default
where	270	201	292	211	default
motor	295	201	316	211	default
is	318	201	324	211	default
occasionally	326	201	370	211	default
exposed	372	201	402	211	default
to	405	201	411	211	default
high-	414	201	433	211	default
pressure	101	212	132	222	default
washdowns.	134	212	179	222	default
UL	181	212	191	222	default
Recognized,	193	212	237	222	default
CSA	239	212	253	222	default
Certified,	256	212	288	222	default
and	290	212	303	222	default
USDA	306	212	326	222	default
Approved	328	212	362	222	default
paint	364	212	382	222	default
finish.	384	212	406	222	default
No.	618	465	632	472	default
1TRZ6	634	465	660	472	default
No.	648	285	661	292	default
5XAU2	664	285	691	292	default
No.	540	648	553	655	default
48ZJ94	556	648	585	655	default
90	101	693	119	710	default
and	123	693	149	710	default
180VDC	154	693	208	710	default
Painted	101	710	154	727	default
Washdown	158	710	235	727	default
Motors	239	710	288	727	default
▪	101	730	105	737	default
Enclosure:	108	730	147	740	default
totally	149	730	172	740	default
enclosed	108	741	141	751	default
fan-cooled	144	741	184	751	default
▪	101	752	105	759	default
Service	108	752	136	762	default
factor:	138	752	162	762	default
1.0	164	752	176	762	default
▪	101	763	105	770	default
Insulation:	108	763	147	773	default
Class	149	763	169	773	default
H	171	763	176	773	default
▪	101	774	105	782	default
Bearings:	108	775	143	784	default
ball	145	775	159	784	default
▪	101	785	105	793	default
Max	108	786	124	795	default
ambient	126	786	156	795	default
temp.:	159	786	182	795	default
40°C	184	786	202	795	default
▪	101	796	105	804	default
Duty:	108	797	127	807	default
continuous	129	797	170	807	default
HP	118	820	127	828	default
NameplateRPM	154	813	186	828	default
Frame	208	820	227	828	default
Full	247	813	258	820	default
Load	260	813	274	820	default
Amps	252	820	269	828	default
ShaftDia.	296	813	311	828	default
ShaftLength	337	813	357	828	default
LengthLess	374	813	400	828	default
Shaft	390	820	405	828	default
ItemNo.	423	813	436	828	default
90VDC	104	829	123	836	default
Permanent	125	829	157	836	default
Magnet,	159	829	184	836	default
Face/Base-Mount	186	829	239	836	default
1⁄4	120	837	125	844	default
1750	163	837	177	844	default
56C	212	837	223	844	default
2.5	256	837	265	844	default
5⁄8"	300	837	307	844	default
1	341	837	345	844	default
7⁄8"	345	837	353	844	default
8	384	837	388	844	default
7⁄8"	388	837	396	844	default
1F654	421	837	439	844	default
1⁄3	120	845	125	852	default
1750	163	845	177	852	default
56C	212	845	223	852	default
3.5	256	845	265	852	default
5⁄8"	300	845	307	852	default
1	341	845	345	852	default
7⁄8"	345	845	353	852	default
9	384	845	388	852	default
3⁄8"	388	845	396	852	default
1F652	421	845	439	852	default
1⁄2	120	853	125	861	default
1750	163	853	177	861	default
56C	212	853	223	861	default
5	259	853	262	861	default
5⁄8"	300	853	307	861	default
1	341	853	345	861	default
7⁄8"	345	853	353	861	default
9	384	853	388	861	default
7⁄8"	388	853	396	861	default
1F650	421	853	439	861	default
3⁄4	120	861	125	869	default
1750	163	861	177	869	default
56C	212	861	223	869	default
7.6	256	861	265	869	default
5⁄8"	300	861	307	869	default
1	341	861	345	869	default
7⁄8"	345	861	353	869	default
11	382	861	390	869	default
7⁄8"	390	861	398	869	default
1F646	421	862	439	869	default
1	121	870	124	877	default
1750	163	870	177	877	default
56C	212	870	223	877	default
10.0	254	870	267	877	default
5⁄8"	300	870	307	877	default
1	341	870	345	877	default
7⁄8"	345	870	353	877	default
12	382	870	390	877	default
7⁄8"	390	870	398	877	default
1F642	421	870	439	877	default
180VDC	104	878	127	885	default
Permanent	129	878	161	885	default
Magnet,	163	878	188	885	default
Face/Base-Mount	190	878	242	885	default
1⁄2	120	886	125	894	default
1750	163	886	177	894	default
56C	212	886	223	894	default
3.5	256	886	265	894	default
5⁄8"	300	886	307	894	default
1	341	886	345	894	default
7⁄8"	345	886	353	894	default
9	384	886	388	894	default
7⁄8"	388	886	396	894	default
1F648	421	886	439	894	default
3⁄4	120	894	125	902	default
1750	163	894	177	902	default
56C	212	894	223	902	default
3.8	256	894	265	902	default
5⁄8"	300	894	307	902	default
1	341	894	345	902	default
7⁄8"	345	894	353	902	default
11	382	894	390	902	default
7⁄8"	390	894	398	902	default
1F644	421	895	439	902	default
1	121	903	124	910	default
1750	163	903	177	910	default
56C	212	903	223	910	default
5.0	256	903	265	910	default
5⁄8"	300	903	307	910	default
1	341	903	345	910	default
7⁄8"	345	903	353	910	default
12	382	903	390	910	default
7⁄8"	390	903	398	910	default
1F640	421	903	439	910	default
•	612	720	616	728	default
Replacement	618	720	671	728	default
brushes	607	730	638	737	default
available	641	730	677	737	default
on	607	739	617	746	default
Grainger.com®	619	739	676	746	default
Designed	224	730	258	740	default
for	260	730	270	740	default
use	272	730	285	740	default
with	287	730	302	740	default
speed	305	730	326	740	default
controls	329	730	357	740	default
or	359	730	367	740	default
NEMA	369	730	391	740	default
Type	393	730	409	740	default
K	412	730	416	740	default
DC	419	730	429	740	default
power	224	741	246	751	default
supplies	249	741	278	751	default
on	281	741	290	751	default
constant	292	741	323	751	default
or	325	741	332	751	default
diminishing	335	741	376	751	default
torque	378	741	401	751	default
applications.	404	741	449	751	default
Motors	224	752	249	762	default
feature	251	752	277	762	default
externally	279	752	314	762	default
replaceable	316	752	358	762	default
brushes	360	752	388	762	default
and	391	752	404	762	default
removable	406	752	444	762	default
bases.	224	764	247	773	default
Suitable	249	764	278	773	default
for	281	764	290	773	default
use	293	764	305	773	default
in	308	764	314	773	default
drives	317	764	338	773	default
for	341	764	350	773	default
conveyors,	353	764	391	773	default
food	393	764	409	773	default
packag-	411	764	441	773	default
ing	224	775	235	784	default
and	237	775	251	784	default
processing	253	775	292	784	default
machinery	294	775	332	784	default
where	334	775	357	784	default
high	359	775	375	784	default
humidity	377	775	408	784	default
and	410	775	423	784	default
wet	426	775	439	784	default
environments	224	786	273	796	default
exist,	275	786	294	796	default
or	296	786	303	796	default
where	306	786	328	796	default
washdown	330	786	369	796	default
procedures	371	786	412	796	default
are	414	786	425	796	default
used.	428	786	447	796	default
UL	224	797	233	807	default
Recognized.	236	797	279	807	default
No.	484	731	497	738	default
1F654	478	740	503	747	default
##LTFigure##	219	57	249	67	default
##LTFigure##	459	713	692	912	default
##LTFigure##	464	316	692	473	default
##LTFigure##	489	124	692	305	default
##LTFigure##	458	510	691	654	default
