75	651	927	665	939	default
2	684	181	696	212	default
PIM_175944	372	331	401	337	default
CERAMIC	541	83	590	96	default
CAPACITORS	593	83	660	96	default
CAPACITORS	599	62	660	73	default
MULTILAYER	64	109	115	119	default
CERAMIC	118	109	156	119	default
CAPACITORS	158	109	211	119	default
-	214	109	216	119	default
100,000pF	218	109	258	119	default
AND	260	109	278	119	default
ABOVE	280	109	309	119	default
(CONT.)	311	109	337	117	default
	291	896	297	907	default
CONTINUED	299	896	349	907	default
	351	896	356	907	default
MULTILAYER	372	109	424	119	default
CERAMIC	426	109	465	119	default
CAPACITORS	467	109	520	119	default
-	522	109	525	119	default
100,000pF	527	109	567	119	default
AND	569	109	587	119	default
ABOVE	589	109	618	119	default
(CONT.)	620	109	645	117	default
MULTILAYER	372	352	424	362	default
CERAMIC	426	352	465	362	default
CAPACITORS	372	362	425	372	default
-	428	362	430	372	default
100,000	433	362	462	372	default
pF	464	362	474	372	default
AND	477	362	494	372	default
ABOVE	372	372	401	381	default
	600	896	605	907	default
CONTINUED	607	896	657	907	default
	659	896	665	907	default
Mfg.	397	132	410	139	default
Part	411	132	423	139	default
No.	425	132	434	139	default
Cap.	478	132	491	139	default
Tol.	536	132	546	139	default
Stock	586	132	603	139	default
No.	604	132	614	139	default
Tape	635	122	648	129	default
Cut	650	122	660	129	default
1-24+	639	132	655	139	default
1210	375	142	389	150	default
[3225	391	142	408	150	default
Metric],	409	142	432	150	default
X7R,	434	142	449	150	default
200	450	142	461	150	default
V	463	142	467	150	default
B	375	151	380	158	default
12102C104KAT2A	382	153	431	160	default
0.1	476	152	484	159	default
µF	486	152	494	159	default
±10%	533	152	549	159	default
96M1532	588	152	613	159	default
0.58	641	152	653	159	default
1210	375	163	389	170	default
[3225	391	163	408	170	default
Metric],	409	163	432	170	default
Y5V,	434	163	448	170	default
16	449	163	457	170	default
V	458	163	463	170	default
B	375	171	380	178	default
1210YG106ZAT2A	382	173	432	181	default
10	477	173	483	180	default
µF	485	173	493	180	default
+80%,-20%	525	173	556	180	default
84K8412	588	173	612	180	default
1.15	641	173	653	180	default
1812	375	183	389	191	default
[4532	391	183	408	191	default
Metric],	409	183	432	191	default
X5R,	434	183	449	191	default
10	450	183	458	191	default
V	459	183	464	191	default
B	375	192	380	199	default
1812ZD226KAT2A	382	194	432	201	default
22	477	194	483	201	default
µF	485	194	493	201	default
±10%	533	194	549	201	default
96M1564	588	194	613	201	default
1.77	641	194	653	201	default
1812	375	204	389	212	default
[4532	391	204	408	212	default
Metric],	409	204	432	212	default
X5R,	434	204	449	212	default
25	450	204	458	212	default
V	459	204	464	212	default
B	375	213	380	220	default
18123D106KAT2A	382	215	431	222	default
10	477	214	483	221	default
µF	485	214	493	221	default
±10%	533	214	549	221	default
84K8421	588	214	612	221	default
1.03	641	214	653	221	default
1812	375	225	389	232	default
[4532	391	225	408	232	default
Metric],	409	225	432	232	default
X7R,	434	225	449	232	default
50	450	225	458	232	default
V	459	225	464	232	default
B	375	233	380	241	default
18125C334KAT2A	382	236	431	243	default
0.33	474	235	486	242	default
µF	488	235	495	242	default
±10%	533	235	549	242	default
96M1573	588	235	613	242	default
0.83	641	235	653	242	default
B	375	244	380	251	default
18125C684KAT2A	382	246	431	253	default
0.68	474	245	486	253	default
µF	488	245	495	253	default
±10%	533	245	549	253	default
96M1575	588	245	613	253	default
1.05	641	245	653	253	default
B	375	254	380	261	default
18125C105KAT2A	382	256	431	264	default
1	478	256	482	263	default
µF	483	256	491	263	default
±10%	533	256	549	263	default
96K4791	588	256	612	263	default
1.09	641	256	653	263	default
B	375	265	380	272	default
18125C225KAT2A	382	267	431	274	default
2.2	476	266	484	273	default
µF	486	266	494	273	default
±10%	533	266	549	273	default
96M1572	588	266	613	273	default
1.15	641	266	653	273	default
1812	375	277	389	284	default
[4532	391	277	408	284	default
Metric],	409	277	432	284	default
X7R,	434	277	449	284	default
100	450	277	461	284	default
V	463	277	467	284	default
B	375	285	380	292	default
18121C104KAT2A	382	288	431	295	default
0.1	476	287	484	294	default
µF	486	287	494	294	default
±10%	533	287	549	294	default
94W2968	587	287	613	294	default
0.96	641	287	653	294	default
B	375	296	380	303	default
18121C105KAT2A	382	298	431	305	default
1	478	297	482	305	default
µF	483	297	491	305	default
±10%	533	297	549	305	default
96M1565	588	297	613	305	default
1.27	641	297	653	305	default
1812	375	308	389	316	default
[4532	391	308	408	316	default
Metric],	409	308	432	316	default
X7R,	434	308	449	316	default
200	450	308	461	316	default
V	463	308	467	316	default
B	375	316	380	324	default
18122C104KAT2A	382	319	431	326	default
0.1	476	318	484	325	default
µF	486	318	494	325	default
±10%	533	318	549	325	default
96M1569	588	318	613	325	default
0.96	641	318	653	325	default
Mfg.	89	132	101	139	default
Part	103	132	114	139	default
No.	116	132	126	139	default
Cap.	170	132	183	139	default
Tol.	227	132	238	139	default
Stock	278	132	294	139	default
No.	296	132	305	139	default
Tape	326	122	339	129	default
Cut	341	122	351	129	default
1-24+	331	132	346	139	default
1206	66	142	80	149	default
[3216	82	142	99	149	default
Metric],	101	142	124	149	default
X7R,	125	142	140	149	default
10	142	142	149	149	default
V	151	142	155	149	default
B	66	150	71	157	default
1206ZC104KAT2A	73	153	123	160	default
0.1	168	152	176	159	default
µF	178	152	185	159	default
±10%	224	152	240	159	default
34C6814	279	152	304	159	default
0.20	332	152	344	159	default
B	66	161	71	168	default
1206ZC225KAT2A	73	163	123	170	default
2.2	168	162	176	170	default
µF	178	162	185	170	default
±10%	224	162	240	170	default
96M1434	279	162	304	170	default
0.80	332	162	344	170	default
1206	66	173	80	181	default
[3216	82	173	99	181	default
Metric],	101	173	124	181	default
X7R,	125	173	140	181	default
16	142	173	149	181	default
V	151	173	155	181	default
B	66	181	71	189	default
1206YC104KAT2A	73	184	123	191	default
0.1	168	183	176	190	default
µF	178	183	185	190	default
±10%	224	183	240	190	default
34C6813	279	183	304	190	default
0.20	332	183	344	190	default
B	66	192	71	199	default
1206YC105JAT2A	73	194	122	201	default
1	170	194	173	201	default
µF	175	194	183	201	default
±5%	226	194	239	201	default
96M1426	279	194	304	201	default
0.64	332	194	344	201	default
B	66	202	71	209	default
1206YC105KAT2A	73	204	123	212	default
1	170	204	173	211	default
µF	175	204	183	211	default
±10%	224	204	240	211	default
96K4781	279	204	304	211	default
0.30	332	204	344	211	default
B	66	213	71	220	default
1206YC106KAT2A	73	215	123	222	default
10	168	214	175	221	default
µF	177	214	185	221	default
±10%	224	214	240	221	default
10R6005	279	214	304	221	default
0.31	332	214	344	221	default
1206	66	225	80	232	default
[3216	82	225	99	232	default
Metric],	101	225	124	232	default
X7R,	125	225	140	232	default
25	142	225	149	232	default
V	151	225	155	232	default
B	66	233	71	240	default
12063C104MAT2A	73	236	123	243	default
0.1	168	235	176	242	default
µF	178	235	185	242	default
±20%	224	235	240	242	default
34C6819	279	235	304	242	default
0.24	332	235	344	242	default
B	66	244	71	251	default
12063C474KAT2A	73	246	122	253	default
0.47	166	245	178	253	default
µF	179	245	187	253	default
±10%	224	245	240	253	default
96M1495	279	245	304	253	default
0.32	332	245	344	253	default
B	66	254	71	261	default
12063C105KAT2A	73	256	122	263	default
1	170	256	173	263	default
µF	175	256	183	263	default
±10%	224	256	240	263	default
96K4787	279	256	304	263	default
0.22	332	256	344	263	default
B	66	265	71	272	default
12063C225KAT2A	73	267	122	274	default
2.2	168	266	176	273	default
µF	178	266	185	273	default
±10%	224	266	240	273	default
99K5605	279	266	304	273	default
0.46	332	266	344	273	default
1206	66	277	80	284	default
[3216	82	277	99	284	default
Metric],	101	277	124	284	default
X7R,	125	277	140	284	default
50	142	277	149	284	default
V	151	277	155	284	default
B	66	285	71	292	default
12065C104JAT2A	73	287	121	295	default
0.1	168	287	176	294	default
µF	178	287	185	294	default
±5%	226	287	239	294	default
96M1508	279	287	304	294	default
0.31	332	287	344	294	default
B	66	296	71	303	default
12065C104KAT2A	73	298	122	305	default
0.1	168	297	176	304	default
µF	178	297	185	304	default
±10%	224	297	240	304	default
34C6824	279	297	304	304	default
0.10	332	297	344	304	default
B	66	306	71	313	default
12065C104MAT2A	73	308	123	315	default
0.1	168	308	176	315	default
µF	178	308	185	315	default
±20%	224	308	240	315	default
96K4788	279	308	304	315	default
0.25	332	308	344	315	default
B	66	316	71	324	default
12065C224JAT2A	73	319	121	326	default
0.22	166	318	178	325	default
µF	179	318	187	325	default
±5%	226	318	239	325	default
96M1510	279	318	304	325	default
0.36	332	318	344	325	default
B	66	327	71	334	default
12065C224KAT2A	73	329	122	336	default
0.22	166	329	178	336	default
µF	179	329	187	336	default
±10%	224	329	240	336	default
96K4789	279	329	304	336	default
0.29	332	329	344	336	default
B	66	337	71	344	default
12065C334KAT2A	73	339	122	347	default
0.33	166	339	178	346	default
µF	179	339	187	346	default
±10%	224	339	240	346	default
96M1512	279	339	304	346	default
0.48	332	339	344	346	default
B	66	348	71	355	default
12065C474KAT2A	73	350	122	357	default
0.47	166	349	178	356	default
µF	179	349	187	356	default
±10%	224	349	240	356	default
96M1514	279	349	304	356	default
0.43	332	349	344	356	default
B	66	358	71	365	default
12065C105KAT2A	73	360	122	367	default
1	170	360	173	367	default
µF	175	360	183	367	default
±10%	224	360	240	367	default
10R6014	279	360	304	367	default
0.91	332	360	344	367	default
1206	66	370	80	378	default
[3216	82	370	99	378	default
Metric],	101	370	124	378	default
X7R,	125	370	140	378	default
100	142	370	152	378	default
V	154	370	158	378	default
B	66	379	71	386	default
12061C104JAT2A	73	381	121	388	default
0.1	168	380	176	388	default
µF	178	380	185	388	default
±5%	226	380	239	388	default
96M1466	279	380	304	388	default
0.29	332	380	344	388	default
B	66	389	71	396	default
12061C104KAT2A	73	391	122	399	default
0.1	168	391	176	398	default
µF	178	391	185	398	default
±10%	224	391	240	398	default
96K4785	279	391	304	398	default
0.18	332	391	344	398	default
B	66	400	71	407	default
12061C104K4T2A	73	402	122	409	default
0.1	168	401	176	408	default
µF	178	401	185	408	default
±10%	224	401	240	408	default
55J8846	280	401	303	408	default
0.36	332	401	344	408	default
B	66	410	71	417	default
12061C104MAT2A	73	412	123	419	default
0.1	168	412	176	419	default
µF	178	412	185	419	default
±20%	224	412	240	419	default
96M1467	279	412	304	419	default
0.31	332	412	344	419	default
B	66	420	71	428	default
12061C334KAT2A	73	423	122	430	default
0.33	166	422	178	429	default
µF	179	422	187	429	default
±10%	224	422	240	429	default
96M1477	279	422	304	429	default
1.76	332	422	344	429	default
1206	66	433	80	440	default
[3216	82	433	99	440	default
Metric],	101	433	124	440	default
Y5V,	125	433	139	440	default
10	140	433	148	440	default
V	149	433	154	440	default
B	66	441	71	448	default
1206ZG106ZAT2A	73	443	123	450	default
10	168	443	175	450	default
µF	177	443	185	450	default
+80%,-20%	217	443	248	450	default
84K8405	279	443	304	450	default
0.35	332	443	344	450	default
1206	66	453	80	461	default
[3216	82	453	99	461	default
Metric],	101	453	124	461	default
Y5V,	125	453	139	461	default
25	140	453	148	461	default
V	149	453	154	461	default
B	66	462	71	469	default
12063G105ZAT2A	73	464	122	471	default
1	170	464	173	471	default
µF	175	464	183	471	default
+80%,-20%	217	464	248	471	default
94W2952	279	464	304	471	default
0.27	332	464	344	471	default
1206	66	474	80	482	default
[3216	82	474	99	482	default
Metric],	101	474	124	482	default
Z5U,	125	474	139	482	default
25	141	474	148	482	default
V	150	474	155	482	default
B	66	483	71	490	default
12063E104MAT2A	73	485	123	492	default
0.1	168	484	176	491	default
µF	178	484	185	491	default
±20%	224	484	240	491	default
34C6821	279	484	304	491	default
0.14	332	484	344	491	default
1206	66	495	80	502	default
[3216	82	495	99	502	default
Metric],	101	495	124	502	default
Z5U,	125	495	139	502	default
50	141	495	148	502	default
V	150	495	155	502	default
B	66	503	71	510	default
12065E104MAT2A	73	506	123	513	default
0.1	168	505	176	512	default
µF	178	505	185	512	default
±20%	224	505	240	512	default
34C6825	279	505	304	512	default
0.31	332	505	344	512	default
1210	66	515	80	523	default
[3225	82	515	99	523	default
Metric],	101	515	124	523	default
X5R,	125	515	140	523	default
6.3	142	515	151	523	default
V	152	515	157	523	default
B	66	524	71	531	default
12106D226KAT2A	73	526	122	533	default
22	168	526	175	533	default
µF	177	526	185	533	default
±10%	224	526	240	533	default
84K8418	279	526	304	533	default
0.38	332	526	344	533	default
B	66	534	71	542	default
12106D476KAT2A	73	537	122	544	default
47	168	536	175	543	default
µF	177	536	185	543	default
±10%	224	536	240	543	default
05M6454	279	536	304	543	default
1.04	332	536	344	543	default
B	66	545	71	552	default
12106D107KAT2A	73	547	122	554	default
100	167	547	177	554	default
µF	178	547	186	554	default
±10%	224	547	240	554	default
96M1549	279	547	304	554	default
1.69	332	547	344	554	default
B	66	555	71	562	default
12106D107MAT2A	73	557	123	565	default
100	167	557	177	564	default
µF	178	557	186	564	default
±20%	224	557	240	564	default
96M1550	279	557	304	564	default
0.69	332	557	344	564	default
1210	66	567	80	575	default
[3225	82	567	99	575	default
Metric],	101	567	124	575	default
X5R,	125	567	140	575	default
10	142	567	149	575	default
V	151	567	155	575	default
B	66	576	71	583	default
1210ZD226KAT2A	73	578	123	585	default
22	168	578	175	585	default
µF	177	578	185	585	default
±10%	224	578	240	585	default
84K8415	279	578	304	585	default
0.94	332	578	344	585	default
1210	66	588	80	596	default
[3225	82	588	99	596	default
Metric],	101	588	124	596	default
X5R,	125	588	140	596	default
16	142	588	149	596	default
V	151	588	155	596	default
B	66	597	71	604	default
1210YD226KAT2A	73	599	123	606	default
22	168	598	175	605	default
µF	177	598	185	605	default
±10%	224	598	240	605	default
84K8411	280	598	303	605	default
0.85	332	598	344	605	default
1210	66	609	80	616	default
[3225	82	609	99	616	default
Metric],	101	609	124	616	default
X5R,	125	609	140	616	default
25	142	609	149	616	default
V	151	609	155	616	default
B	66	617	71	625	default
12103D475KAT2A	73	620	122	627	default
4.7	168	619	176	626	default
µF	178	619	185	626	default
±10%	224	619	240	626	default
84K8417	279	619	304	626	default
0.75	332	619	344	626	default
B	66	628	71	635	default
12103D106KAT2A	73	630	122	637	default
10	168	629	175	637	default
µF	177	629	185	637	default
±10%	224	629	240	637	default
10R6036	279	629	304	637	default
0.73	332	629	344	637	default
B	66	638	71	645	default
12103D226MAT2A	73	640	123	648	default
22	168	640	175	647	default
µF	177	640	185	647	default
±20%	224	640	240	647	default
96M1536	279	640	304	647	default
1.66	332	640	344	647	default
1210	66	650	80	658	default
[3225	82	650	99	658	default
Metric],	101	650	124	658	default
X7R,	125	650	140	658	default
10	142	650	149	658	default
V	151	650	155	658	default
B	66	659	71	666	default
1210ZC106KAT2A	73	661	123	668	default
10	168	661	175	668	default
µF	177	661	185	668	default
±10%	224	661	240	668	default
84K8413	279	661	304	668	default
1.29	332	661	344	668	default
B	66	669	71	676	default
1210ZC226KAT2A	73	672	123	679	default
22	168	671	175	678	default
µF	177	671	185	678	default
±10%	224	671	240	678	default
94W2964	279	671	304	678	default
2.17	332	671	344	678	default
1210	66	681	80	689	default
[3225	82	681	99	689	default
Metric],	101	681	124	689	default
X7R,	125	681	140	689	default
16	142	681	149	689	default
V	151	681	155	689	default
B	66	690	71	697	default
1210YC475KAT2A	73	692	123	699	default
4.7	168	692	176	699	default
µF	178	692	185	699	default
±10%	224	692	240	699	default
84K8410	279	692	304	699	default
0.84	332	692	344	699	default
B	66	700	71	708	default
1210YC226MAT2A	73	703	124	710	default
22	168	702	175	709	default
µF	177	702	185	709	default
±20%	224	702	240	709	default
96M1523	279	702	304	709	default
1.79	332	702	344	709	default
1210	66	713	80	720	default
[3225	82	713	99	720	default
Metric],	101	713	124	720	default
X7R,	125	713	140	720	default
25	142	713	149	720	default
V	151	713	155	720	default
B	66	721	71	728	default
12103C105KAT2A	73	723	122	730	default
1	170	723	173	730	default
µF	175	723	183	730	default
±10%	224	723	240	730	default
96M1534	279	723	304	730	default
0.85	332	723	344	730	default
B	66	732	71	739	default
12103C225KAT2A	73	734	122	741	default
2.2	168	733	176	740	default
µF	178	733	185	740	default
±10%	224	733	240	740	default
96M1535	279	733	304	740	default
0.80	332	733	344	740	default
1210	66	744	80	751	default
[3225	82	744	99	751	default
Metric],	101	744	124	751	default
X7R,	125	744	140	751	default
50	142	744	149	751	default
V	151	744	155	751	default
B	66	752	71	759	default
12105C224KAT2A	73	754	122	762	default
0.22	166	754	178	761	default
µF	179	754	187	761	default
±10%	224	754	240	761	default
96M1540	279	754	304	761	default
0.50	332	754	344	761	default
B	66	763	71	770	default
12105C334KAT2A	73	765	122	772	default
0.33	166	764	178	772	default
µF	179	764	187	772	default
±10%	224	764	240	772	default
96M1543	279	764	304	772	default
0.71	332	764	344	772	default
B	66	773	71	780	default
12105C474KAT2A	73	775	122	782	default
0.47	166	775	178	782	default
µF	179	775	187	782	default
±10%	224	775	240	782	default
96M1546	279	775	304	782	default
0.71	332	775	344	782	default
B	66	784	71	791	default
12105C105KAT2A	73	786	122	793	default
1	170	785	173	792	default
µF	175	785	183	792	default
±10%	224	785	240	792	default
96M1538	279	785	304	792	default
0.73	332	785	344	792	default
B	66	794	71	801	default
12105C225KAT2A	73	796	122	803	default
2.2	168	796	176	803	default
µF	178	796	185	803	default
±10%	224	796	240	803	default
96M1542	279	796	304	803	default
1.36	332	796	344	803	default
B	66	804	71	811	default
12105C475KAT2A	73	806	122	814	default
4.7	168	806	176	813	default
µF	178	806	185	813	default
±10%	224	806	240	813	default
96M1548	279	806	304	813	default
1.14	332	806	344	813	default
1210	66	816	80	824	default
[3225	82	816	99	824	default
Metric],	101	816	124	824	default
X7R,	125	816	140	824	default
100	142	816	152	824	default
V	154	816	158	824	default
B	66	825	71	832	default
12101C104KAT2A	73	827	122	834	default
0.1	168	827	176	834	default
µF	178	827	185	834	default
±10%	224	827	240	834	default
96M1525	279	827	304	834	default
0.40	332	827	344	834	default
B	66	835	71	843	default
12101C224KAT2A	73	838	122	845	default
0.22	166	837	178	844	default
µF	179	837	187	844	default
±10%	224	837	240	844	default
96M1528	279	837	304	844	default
0.45	332	837	344	844	default
B	66	846	71	853	default
12101C474KAT2A	73	848	122	855	default
0.47	166	848	178	855	default
µF	179	848	187	855	default
±10%	224	848	240	855	default
96M1529	279	848	304	855	default
0.55	332	848	344	855	default
B	66	856	71	863	default
12101C684KAT2A	73	858	122	866	default
0.68	166	858	178	865	default
µF	179	858	187	865	default
±10%	224	858	240	865	default
96M1530	279	858	304	865	default
1.70	332	858	344	865	default
B	66	867	71	874	default
12101C105KAT2A	73	869	122	876	default
1	170	868	173	875	default
µF	175	868	183	875	default
±10%	224	868	240	875	default
96M1527	279	868	304	875	default
0.63	332	868	344	875	default
B	66	877	71	884	default
12101C105MAT2A	73	879	123	886	default
1	170	879	173	886	default
µF	175	879	183	886	default
±20%	224	879	240	886	default
64K0192	279	879	304	886	default
0.69	332	879	344	886	default
1.800.463.9275	63	923	144	936	default
•	149	923	156	936	default
newark.com	162	923	227	936	default
Mfg.	401	472	414	479	default
Part	415	472	427	479	default
No.	429	472	438	479	default
Cap.	485	472	498	479	default
Tol.	540	472	551	479	default
Stock	588	472	604	479	default
No.	606	472	616	479	default
Tape	637	454	651	461	default
&	653	454	657	461	default
Reel	641	462	653	469	default
1-3999+	636	472	658	479	default
0402	375	481	389	489	default
[1005	391	481	408	489	default
Metric],	409	481	432	489	default
X5R,	434	481	449	489	default
4	450	481	454	489	default
V	456	481	460	489	default
B	375	490	380	497	default
C0402C335M7PACTU	382	492	442	499	default
3.3	483	492	491	499	default
µF	493	492	501	499	default
±20%	537	492	553	499	default
14N2170	590	492	614	499	default
0.43	641	492	653	499	default
0402	375	502	389	510	default
[1005	391	502	408	510	default
Metric],	409	502	432	510	default
X5R,	434	502	449	510	default
6.3	450	502	459	510	default
V	461	502	466	510	default
B	375	511	380	518	default
C0402C224K9PACTU	382	513	441	520	default
0.22	481	512	493	520	default
µF	495	512	502	520	default
±10%	537	512	553	520	default
14N2169	590	512	614	520	default
0.11	642	512	653	520	default
B	375	521	380	528	default
C0402C105K9PACTU	382	523	441	531	default
1	485	523	489	530	default
µF	490	523	498	530	default
±10%	537	523	553	530	default
70K9079	590	523	614	530	default
0.10	641	523	653	530	default
0402	375	533	389	541	default
[1005	391	533	408	541	default
Metric],	409	533	432	541	default
X5R,	434	533	449	541	default
10	450	533	458	541	default
V	459	533	464	541	default
B	375	542	380	549	default
C0402C104K8PACTU	382	544	441	551	default
0.1	483	544	491	551	default
µF	493	544	501	551	default
±10%	537	544	553	551	default
78H4791	590	544	614	551	default
0.10	641	544	653	551	default
0402	375	554	389	562	default
[1005	391	554	408	562	default
Metric],	409	554	432	562	default
X7R,	434	554	449	562	default
10	450	554	458	562	default
V	459	554	464	562	default
B	375	563	380	570	default
C0402C104K8RACTU	382	565	442	572	default
0.1	483	564	491	571	default
µF	493	564	501	571	default
±10%	537	564	553	571	default
14N2167	590	564	614	571	default
0.10	641	564	653	571	default
0402	375	575	389	582	default
[1005	391	575	408	582	default
Metric],	409	575	432	582	default
Y5V,	434	575	448	582	default
16	449	575	457	582	default
V	458	575	463	582	default
B	375	583	380	590	default
C0402C104Z4VACTU	382	586	441	593	default
0.1	483	585	491	592	default
µF	493	585	501	592	default
+80%,-20%	530	585	561	592	default
70K9078	590	585	614	592	default
0.10	641	585	653	592	default
0603	375	595	389	603	default
[1608	391	595	408	603	default
Metric],	409	595	432	603	default
C0G	434	595	448	603	default
/	449	595	451	603	default
NP0,	453	595	467	603	default
50	469	595	476	603	default
V	478	595	482	603	default
B	375	604	380	611	default
C0603C681J5GACTU	382	606	441	613	default
680	483	606	492	613	default
pF	494	606	501	613	default
±5%	539	606	552	613	default
77R3562	590	606	614	613	default
0.10	641	606	653	613	default
0603	375	616	389	624	default
[1608	391	616	408	624	default
Metric],	409	616	432	624	default
X5R,	434	616	449	624	default
6.3	450	616	459	624	default
V	461	616	466	624	default
B	375	625	380	632	default
C0603C335M9PACTU	382	627	442	634	default
3.3	483	626	491	634	default
µF	493	626	501	634	default
±20%	537	626	553	634	default
14N2174	590	626	614	634	default
0.20	641	626	653	634	default
B	375	635	380	642	default
C0603C475K9PACTU	382	637	441	645	default
4.7	483	637	491	644	default
µF	493	637	501	644	default
±10%	537	637	553	644	default
70K9096	590	637	614	644	default
0.13	641	637	653	644	default
0603	375	647	389	655	default
[1608	391	647	408	655	default
Metric],	409	647	432	655	default
X5R,	434	647	449	655	default
10	450	647	458	655	default
V	459	647	464	655	default
B	375	656	380	663	default
C0603C105K8PACTU	382	658	441	665	default
1	485	658	489	665	default
µF	490	658	498	665	default
±10%	537	658	553	665	default
70K9090	590	658	614	665	default
0.10	641	658	653	665	default
B	375	666	380	673	default
C0603C225K8PACTU	382	669	441	676	default
2.2	483	668	491	675	default
µF	493	668	501	675	default
±10%	537	668	553	675	default
70K9095	590	668	614	675	default
0.18	641	668	653	675	default
B	375	677	380	684	default
C0603C475K8PACTU	382	679	441	686	default
4.7	483	678	491	686	default
µF	493	678	501	686	default
±10%	537	678	553	686	default
14N2177	590	678	614	686	default
0.25	641	678	653	686	default
0603	375	689	389	697	default
[1608	391	689	408	697	default
Metric],	409	689	432	697	default
X5R,	434	689	449	697	default
16	450	689	458	697	default
V	459	689	464	697	default
B	375	697	380	705	default
C0603C105K4PACTU	382	700	441	707	default
1	485	699	489	706	default
µF	490	699	498	706	default
±10%	537	699	553	706	default
70K9089	590	699	614	706	default
0.11	642	699	653	706	default
0603	375	710	389	717	default
[1608	391	710	408	717	default
Metric],	409	710	432	717	default
X7R,	434	710	449	717	default
10	450	710	458	717	default
V	459	710	464	717	default
B	375	718	380	725	default
C0603C104K8RACTU	382	720	442	727	default
0.1	483	720	491	727	default
µF	493	720	501	727	default
±10%	537	720	553	727	default
62H0320	590	720	614	727	default
0.10	641	720	653	727	default
0603	375	730	389	738	default
[1608	391	730	408	738	default
Metric],	409	730	432	738	default
X7R,	434	730	449	738	default
16	450	730	458	738	default
V	459	730	464	738	default
B	375	739	380	746	default
C0603C104J4RACTU	382	741	441	748	default
0.1	483	741	491	748	default
µF	493	741	501	748	default
±5%	539	741	552	748	default
64K2836	590	741	614	748	default
0.12	641	741	653	748	default
B	375	749	380	756	default
C0603C104M4RACTU	382	752	443	759	default
0.1	483	751	491	758	default
µF	493	751	501	758	default
±20%	537	751	553	758	default
64K2839	590	751	614	758	default
0.10	641	751	653	758	default
B	375	760	380	767	default
C0603C224K4RACTU	382	762	442	769	default
0.22	481	761	493	769	default
µF	495	761	502	769	default
±10%	537	761	553	769	default
14N2173	590	761	614	769	default
0.33	641	761	653	769	default
0603	375	772	389	780	default
[1608	391	772	408	780	default
Metric],	409	772	432	780	default
X7R,	434	772	449	780	default
25	450	772	458	780	default
V	459	772	464	780	default
B	375	780	380	788	default
C0603C104J3RACTU	382	783	441	790	default
0.1	483	782	491	789	default
µF	493	782	501	789	default
±5%	539	782	552	789	default
01J3308	590	782	613	789	default
0.37	641	782	653	789	default
B	375	791	380	798	default
C0603C104K3RACTU	382	793	442	800	default
0.1	483	793	491	800	default
µF	493	793	501	800	default
±10%	537	793	553	800	default
64K2837	590	793	614	800	default
0.10	641	793	653	800	default
0603	375	803	389	811	default
[1608	391	803	408	811	default
Metric],	409	803	432	811	default
Y5V,	434	803	448	811	default
25	449	803	457	811	default
V	458	803	463	811	default
B	375	812	380	819	default
C0603C104M3VACTU	382	814	442	821	default
0.1	483	813	491	820	default
µF	493	813	501	820	default
±20%	537	813	553	820	default
64K2838	590	813	614	820	default
0.10	641	813	653	820	default
0805	375	824	389	831	default
[2012	391	824	408	831	default
Metric],	409	824	432	831	default
X5R,	434	824	449	831	default
6.3	450	824	459	831	default
V	461	824	466	831	default
B	375	832	380	839	default
C0805C226M9PACTU	382	834	442	842	default
22	484	834	490	841	default
µF	492	834	500	841	default
±20%	537	834	553	841	default
70K9142	590	834	614	841	default
0.45	641	834	653	841	default
0805	375	844	389	852	default
[2012	391	844	408	852	default
Metric],	409	844	432	852	default
X5R,	434	844	449	852	default
16	450	844	458	852	default
V	459	844	464	852	default
B	375	853	380	860	default
C0805C475K4PACTU	382	855	441	862	default
4.7	483	855	491	862	default
µF	493	855	501	862	default
±10%	537	855	553	862	default
70K9143	590	855	614	862	default
0.21	641	855	653	862	default
0805	375	865	389	873	default
[2012	391	865	408	873	default
Metric],	409	865	432	873	default
X5R,	434	865	449	873	default
25	450	865	458	873	default
V	459	865	464	873	default
B	375	874	380	881	default
C0805C105K3PACTU	382	876	441	883	default
1	485	875	489	883	default
µF	490	875	498	883	default
±10%	537	875	553	883	default
70K9136	590	875	614	883	default
0.24	641	875	653	883	default
0.10	643	153	657	159	default
---	646	173	653	180	default
---	646	194	653	200	default
---	646	214	653	221	default
---	646	236	653	243	default
---	646	246	653	253	default
1.15	643	256	657	263	default
---	646	266	653	273	default
---	646	287	653	294	default
0.95	643	297	657	304	default
---	646	319	653	326	default
0.07	334	153	348	159	default
0.05	334	163	348	170	default
0.30	334	183	348	190	default
0.12	334	194	348	200	default
0.04	334	204	348	211	default
0.27	334	214	348	221	default
0.03	334	236	348	243	default
0.10	334	246	348	253	default
0.44	334	256	348	263	default
0.61	334	266	348	273	default
0.05	334	287	348	294	default
0.26	334	297	348	304	default
0.35	334	309	348	315	default
0.40	334	319	348	326	default
0.03	334	329	348	336	default
---	337	339	344	346	default
0.13	334	350	348	356	default
0.10	334	360	348	367	default
0.36	334	381	348	388	default
0.26	334	392	348	398	default
0.42	334	402	348	409	default
---	337	412	344	419	default
0.41	334	422	348	429	default
0.12	334	443	348	450	default
---	337	464	344	471	default
0.36	334	485	348	492	default
0.03	334	505	348	512	default
---	337	526	344	533	default
---	337	536	344	543	default
---	337	546	344	553	default
0.44	334	558	348	565	default
---	337	578	344	585	default
0.56	334	599	348	606	default
---	337	619	344	626	default
---	337	630	344	636	default
---	337	640	344	647	default
---	337	661	344	668	default
---	337	672	344	679	default
---	337	692	344	699	default
---	337	702	344	709	default
---	337	723	344	730	default
---	337	734	344	741	default
---	337	755	344	762	default
0.09	334	765	348	772	default
0.05	334	775	348	782	default
0.14	334	786	348	792	default
1.93	334	796	348	803	default
---	337	807	344	813	default
---	337	828	344	834	default
0.02	334	838	348	845	default
0.18	334	848	348	855	default
---	337	858	344	865	default
0.69	334	869	348	875	default
---	337	879	344	886	default
---	646	492	653	499	default
0.01	643	512	657	519	default
0.01	643	524	657	531	default
0.13	643	544	657	551	default
0.01	643	565	657	572	default
---	646	585	653	592	default
---	646	606	653	612	default
---	646	627	653	634	default
0.02	643	638	657	644	default
0.01	643	658	657	665	default
---	646	668	653	675	default
1.26	643	679	657	685	default
0.16	643	699	657	706	default
0.02	643	721	657	727	default
0.21	643	741	657	748	default
0.00	643	751	657	758	default
0.05	643	762	657	768	default
0.66	643	782	657	789	default
0.02	643	793	657	800	default
---	646	814	653	821	default
0.35	643	834	657	841	default
0.79	643	855	657	862	default
0.09	643	875	657	882	default
##LTFigure##	459	919	626	930	default
##LTFigure##	459	930	626	941	default
##LTFigure##	468	383	572	448	default
##LTFigure##	509	352	540	368	default
