B	405	60	413	71	default
Indicates	417	62	458	74	default
RoHS	460	62	485	74	default
Compliant	488	62	533	74	default
Find	585	62	605	74	default
Datasheets	608	62	662	74	default
Online	665	62	695	74	default
74	96	927	110	939	default
Go	137	925	150	938	default
online	154	925	183	938	default
or	187	925	196	938	default
call	200	925	217	938	default
for	220	925	233	938	default
non-compliant	236	925	308	938	default
or	311	925	321	938	default
ROHS	340	924	369	937	default
Compliant	372	924	426	937	default
products.	429	924	480	937	default
See	483	926	498	937	default
page	501	926	521	937	default
2	523	926	528	937	default
2	65	181	77	212	default
CERAMIC	102	83	151	96	default
CAPACITORS	154	83	221	96	default
CAPACITORS	102	62	163	73	default
Note:	96	139	110	146	default
Mfg.	115	139	127	146	default
part	131	139	142	146	default
no.	146	139	154	146	default
suffix	159	139	173	146	default
K4T2A	178	139	196	146	default
refers	200	139	215	146	default
to	96	147	101	154	default
failure	105	147	121	154	default
rate;	125	147	137	154	default
Automotive.	141	147	172	154	default
(KAT2A	176	147	197	154	default
-	200	147	202	154	default
Not	206	147	215	154	default
Applicable).	96	155	127	162	default
KAT2X	131	155	149	162	default
refers	151	155	166	162	default
to	168	155	173	162	default
thickness;	174	155	201	162	default
0.95mm	203	155	224	162	default
max.	226	155	239	162	default
MULTILAYER	96	109	148	119	default
CERAMIC	150	109	189	119	default
CAPACITORS	96	119	149	129	default
-	151	119	154	129	default
100,000pF	156	119	196	129	default
AND	96	129	114	138	default
ABOVE	116	129	145	138	default
	324	896	329	907	default
CONTINUED	331	896	381	907	default
	383	896	389	907	default
MULTILAYER	405	109	456	119	default
CERAMIC	459	109	497	119	default
CAPACITORS	499	109	552	119	default
-	555	109	557	119	default
100,000pF	560	109	599	119	default
AND	601	109	619	119	default
ABOVE	621	109	650	119	default
(CONT.)	652	109	678	117	default
	632	896	638	907	default
CONTINUED	640	896	690	907	default
	692	896	697	907	default
Mfg.	430	132	443	139	default
Part	444	132	456	139	default
No.	458	132	467	139	default
Cap.	512	132	524	139	default
Tol.	569	132	579	139	default
Stock	619	132	635	139	default
No.	637	132	647	139	default
Tape	667	122	681	129	default
Cut	682	122	692	129	default
1-24+	672	132	687	139	default
0805	407	142	422	150	default
[2012	424	142	440	150	default
Metric],	442	142	465	150	default
X5R,	467	142	481	150	default
16	483	142	490	150	default
V	492	142	496	150	default
B	407	151	413	158	default
0805YD105KAT2A	414	153	465	160	default
1	512	152	515	159	default
µF	517	152	524	159	default
±10%	566	152	582	159	default
96M1303	621	152	645	159	default
0.26	674	152	686	159	default
B	407	161	413	168	default
0805YD225KAT2A	414	163	465	170	default
2.2	509	163	517	170	default
µF	519	163	527	170	default
±10%	566	163	582	170	default
84K8392	621	163	645	170	default
0.60	674	163	686	170	default
B	407	171	413	178	default
0805YD475KAT2A	414	173	465	181	default
4.7	509	173	517	180	default
µF	519	173	527	180	default
±10%	566	173	582	180	default
96M1306	621	173	645	180	default
0.80	674	173	686	180	default
B	407	182	413	189	default
0805YD106KAT2A	414	184	465	191	default
10	510	183	517	190	default
µF	518	183	526	190	default
±10%	566	183	582	190	default
96M1304	621	183	645	190	default
0.18	674	183	686	190	default
B	407	192	413	199	default
0805YD106MAT2A	414	194	466	201	default
10	510	194	517	201	default
µF	518	194	526	201	default
±20%	566	194	582	201	default
96M1305	621	194	645	201	default
1.36	674	194	686	201	default
0805	407	204	422	212	default
[2012	424	204	440	212	default
Metric],	442	204	465	212	default
X5R,	467	204	481	212	default
25	483	204	490	212	default
V	492	204	496	212	default
B	407	213	413	220	default
08053D474KAT2A	414	215	464	222	default
0.47	507	215	519	222	default
µF	521	215	529	222	default
±10%	566	215	582	222	default
96M1386	621	215	645	222	default
0.51	674	215	686	222	default
B	407	223	413	230	default
08053D684KAT2A	414	225	464	233	default
0.68	507	225	519	232	default
µF	521	225	529	232	default
±10%	566	225	582	232	default
96M1387	621	225	645	232	default
0.51	674	225	686	232	default
B	407	234	413	241	default
08053D105KAT2A	414	236	464	243	default
1	512	235	515	242	default
µF	517	235	524	242	default
±10%	566	235	582	242	default
96M1385	621	235	645	242	default
0.55	674	235	686	242	default
B	407	244	413	251	default
08053D225KAT2A	414	246	464	253	default
2.2	509	246	517	253	default
µF	519	246	527	253	default
±10%	566	246	582	253	default
94W2920	620	246	646	253	default
1.21	674	246	686	253	default
0805	407	256	422	264	default
[2012	424	256	440	264	default
Metric],	442	256	465	264	default
X7R,	467	256	481	264	default
16	483	256	490	264	default
V	492	256	496	264	default
B	407	265	413	272	default
0805YC104KAT2A	414	267	465	274	default
0.1	509	266	517	274	default
µF	519	266	527	274	default
±10%	566	266	582	274	default
94W2909	620	266	646	274	default
0.24	674	266	686	274	default
B	407	275	413	282	default
0805YC224KAT2A	414	277	465	284	default
0.22	507	277	519	284	default
µF	521	277	529	284	default
±10%	566	277	582	284	default
96M1300	621	277	645	284	default
0.18	674	277	686	284	default
B	407	286	413	293	default
0805YC334KAT2A	414	288	465	295	default
0.33	507	287	519	294	default
µF	521	287	529	294	default
±10%	566	287	582	294	default
96M1301	621	287	645	294	default
0.25	674	287	686	294	default
B	407	296	413	303	default
0805YC474JAT2A	414	298	464	305	default
0.47	507	298	519	305	default
µF	521	298	529	305	default
±5%	568	298	580	305	default
96M1302	621	298	645	305	default
0.56	674	298	686	305	default
B	407	306	413	313	default
0805YC474KAT2A	414	309	465	316	default
0.47	507	308	519	315	default
µF	521	308	529	315	default
±10%	566	308	582	315	default
96K4765	621	308	645	315	default
0.10	674	308	686	315	default
B	407	317	413	324	default
0805YC105KAT2A	414	319	465	326	default
1	512	318	515	326	default
µF	517	318	524	326	default
±10%	566	318	582	326	default
96M1298	621	318	645	326	default
0.19	674	318	686	326	default
0805	407	329	422	337	default
[2012	424	329	440	337	default
Metric],	442	329	465	337	default
X7R,	467	329	481	337	default
25	483	329	490	337	default
V	492	329	496	337	default
B	407	337	413	345	default
08053C104JAT2A	414	340	463	347	default
0.1	509	339	517	346	default
µF	519	339	527	346	default
±5%	568	339	580	346	default
94W2916	620	339	646	346	default
0.36	674	339	686	346	default
B	407	348	413	355	default
08053C104KAT2A	414	350	464	357	default
0.1	509	350	517	357	default
µF	519	350	527	357	default
±10%	566	350	582	357	default
96M1381	621	350	645	357	default
0.10	674	350	686	357	default
B	407	358	413	365	default
08053C104MAT2A	414	360	465	368	default
0.1	509	360	517	367	default
µF	519	360	527	367	default
±20%	566	360	582	367	default
94W2917	620	360	646	367	default
0.27	674	360	686	367	default
B	407	369	413	376	default
08053C154KAT2A	414	371	464	378	default
0.15	507	370	519	377	default
µF	521	370	529	377	default
±10%	566	370	582	377	default
96M1383	621	370	645	377	default
0.25	674	370	686	377	default
B	407	379	413	386	default
08053C224JAT2A	414	381	463	388	default
0.22	507	381	519	388	default
µF	521	381	529	388	default
±5%	568	381	580	388	default
65H4259	621	381	645	388	default
0.49	674	381	686	388	default
B	407	389	413	397	default
08053C224KAT2A	414	392	464	399	default
0.22	507	391	519	398	default
µF	521	391	529	398	default
±10%	566	391	582	398	default
96K4775	621	391	645	398	default
0.25	674	391	686	398	default
B	407	400	413	407	default
08053C224MAT2A	414	402	465	409	default
0.22	507	402	519	409	default
µF	521	402	529	409	default
±20%	566	402	582	409	default
96M1384	621	402	645	409	default
0.22	674	402	686	409	default
B	407	410	413	417	default
08053C105JAT2A	414	412	463	420	default
1	512	412	515	419	default
µF	517	412	524	419	default
±5%	568	412	580	419	default
94W2918	620	412	646	419	default
0.57	674	412	686	419	default
B	407	421	413	428	default
08053C105KAT2A	415	423	464	430	default
1	512	422	515	429	default
µF	517	422	524	429	default
±10%	566	422	582	429	default
96M1382	621	422	645	429	default
0.76	674	422	686	429	default
B	407	431	413	438	default
08053C105K4T2A	415	433	464	440	default
1	512	433	515	440	default
µF	517	433	524	440	default
±10%	566	433	582	440	default
94W2919	620	433	646	440	default
1.18	674	433	686	440	default
B	407	441	413	449	default
08053C225KAT2A	415	444	464	451	default
2.2	509	443	517	450	default
µF	519	443	527	450	default
±10%	566	443	582	450	default
10R5975	621	443	645	450	default
0.92	674	443	686	450	default
0805	407	454	422	461	default
[2012	424	454	440	461	default
Metric],	442	454	465	461	default
X7R,	467	454	481	461	default
50	483	454	490	461	default
V	492	454	496	461	default
B	407	462	413	469	default
08055C104MAT2A	414	464	465	472	default
0.1	509	464	517	471	default
µF	519	464	527	471	default
±20%	566	464	582	471	default
96K4779	621	464	645	471	default
0.10	674	464	686	471	default
B	407	473	413	480	default
08055C224KAT2A	414	475	464	482	default
0.22	507	474	519	481	default
µF	521	474	529	481	default
±10%	566	474	582	481	default
96M1410	621	474	645	481	default
0.18	674	474	686	481	default
B	407	483	413	490	default
08055C334KAT2A	414	485	464	492	default
0.33	507	485	519	492	default
µF	521	485	529	492	default
±10%	566	485	582	492	default
10R5978	621	485	645	492	default
0.51	674	485	686	492	default
B	407	493	413	501	default
08055C474KAT2A	414	496	464	503	default
0.47	507	495	519	502	default
µF	521	495	529	502	default
±10%	566	495	582	502	default
10R5979	621	495	645	502	default
0.51	674	495	686	502	default
0805	407	506	422	513	default
[2012	424	506	440	513	default
Metric],	442	506	465	513	default
X7R,	467	506	481	513	default
100	483	506	494	513	default
V	496	506	500	513	default
B	407	514	413	521	default
08051C104KAT2A	414	516	464	523	default
0.1	509	516	517	523	default
µF	519	516	527	523	default
±10%	566	516	582	523	default
96M1354	621	516	645	523	default
0.32	674	516	686	523	default
0805	407	526	422	534	default
[2012	424	526	440	534	default
Metric],	442	526	465	534	default
Y5V,	467	526	480	534	default
10	482	526	489	534	default
V	491	526	495	534	default
B	407	535	413	542	default
0805ZG475ZAT2A	414	537	464	544	default
4.7	509	537	517	544	default
µF	519	537	527	544	default
+80%,-20%	558	537	589	544	default
84K8397	621	537	645	544	default
0.57	674	537	686	544	default
0805	407	547	422	555	default
[2012	424	547	440	555	default
Metric],	442	547	465	555	default
Y5V,	467	547	480	555	default
16	482	547	489	555	default
V	491	547	495	555	default
B	407	556	413	563	default
0805YG105ZAT2A	414	558	465	565	default
1	512	557	515	564	default
µF	517	557	524	564	default
+80%,-20%	558	557	589	564	default
96M1307	621	557	645	564	default
0.35	674	557	686	564	default
0805	407	568	422	575	default
[2012	424	568	440	575	default
Metric],	442	568	465	575	default
Y5V,	467	568	480	575	default
25	482	568	489	575	default
V	491	568	495	575	default
B	407	576	413	583	default
08053G104ZAT2A	414	579	464	586	default
0.1	509	578	517	585	default
µF	519	578	527	585	default
+80%,-20%	558	578	589	585	default
96M1388	621	578	645	585	default
0.15	674	578	686	585	default
B	407	587	413	594	default
08053G474ZAT2A	414	589	464	596	default
0.47	507	588	519	596	default
µF	521	588	529	596	default
+80%,-20%	558	588	589	596	default
96M1391	621	588	645	596	default
0.25	674	588	686	596	default
B	407	597	413	604	default
08053G105ZAT2A	414	599	464	606	default
1	512	599	515	606	default
µF	517	599	524	606	default
+80%,-20%	558	599	589	606	default
96M1389	621	599	645	606	default
0.33	674	599	686	606	default
0805	407	609	422	617	default
[2012	424	609	440	617	default
Metric],	442	609	465	617	default
Y5V,	467	609	480	617	default
50	482	609	489	617	default
V	491	609	495	617	default
B	407	618	413	625	default
08055G104ZAT2A	414	620	464	627	default
0.1	509	620	517	627	default
µF	519	620	527	627	default
+80%,-20%	558	620	589	627	default
96M1421	621	620	645	627	default
0.10	674	620	686	627	default
B	407	628	413	635	default
08055G224ZAT2A	414	630	464	638	default
0.22	507	630	519	637	default
µF	521	630	529	637	default
+80%,-20%	558	630	589	637	default
96M1422	621	630	645	637	default
0.18	674	630	686	637	default
0805	407	640	422	648	default
[2012	424	640	440	648	default
Metric],	442	640	465	648	default
Z5U,	467	640	481	648	default
25	483	640	490	648	default
V	492	640	496	648	default
B	407	649	413	656	default
08053E104ZAT2A	414	651	463	658	default
0.1	509	651	517	658	default
µF	519	651	527	658	default
+80%,-20%	558	651	589	658	default
34C6803	621	651	645	658	default
0.13	674	651	686	658	default
0805	407	661	422	669	default
[2012	424	661	440	669	default
Metric],	442	661	465	669	default
Z5U,	467	661	481	669	default
50	483	661	490	669	default
V	492	661	496	669	default
B	407	670	413	677	default
08055E104ZAT2A	414	672	463	679	default
0.1	509	671	517	678	default
µF	519	671	527	678	default
+80%,-20%	558	671	589	678	default
34C6807	621	671	645	678	default
0.35	674	671	686	678	default
1206	407	682	422	690	default
[3216	424	682	440	690	default
Metric],	442	682	465	690	default
X5R,	467	682	481	690	default
6.3	483	682	492	690	default
V	494	682	498	690	default
B	407	690	413	698	default
12066D106KAT2A	414	693	464	700	default
10	510	692	517	699	default
µF	518	692	526	699	default
±10%	566	692	582	699	default
84K8407	621	692	645	699	default
0.23	674	692	686	699	default
B	407	701	413	708	default
12066D106KAT2X	414	703	464	710	default
10	510	702	517	710	default
µF	518	702	526	710	default
±10%	566	702	582	710	default
96M1516	621	702	645	710	default
1.17	674	702	686	710	default
B	407	711	413	718	default
12066D226KAT2A	414	713	464	721	default
22	510	713	517	720	default
µF	518	713	526	720	default
±10%	566	713	582	720	default
84K8408	621	713	645	720	default
0.50	674	713	686	720	default
B	407	722	413	729	default
12066D476MAT2A	414	724	465	731	default
47	510	723	517	730	default
µF	518	723	526	730	default
±20%	566	723	582	730	default
96M1517	621	723	645	730	default
1.56	674	723	686	730	default
1206	407	734	422	741	default
[3216	424	734	440	741	default
Metric],	442	734	465	741	default
X5R,	467	734	481	741	default
10	483	734	490	741	default
V	492	734	496	741	default
B	407	742	413	749	default
1206ZD475KAT2A	414	745	464	752	default
4.7	509	744	517	751	default
µF	519	744	527	751	default
±10%	566	744	582	751	default
84K8404	621	744	645	751	default
0.54	674	744	686	751	default
B	407	753	413	760	default
1206ZD106KAT2A	414	755	464	762	default
10	510	754	517	762	default
µF	518	754	526	762	default
±10%	566	754	582	762	default
84K8403	621	754	645	762	default
0.73	674	754	686	762	default
1206	407	765	422	773	default
[3216	424	765	440	773	default
Metric],	442	765	465	773	default
X5R,	467	765	481	773	default
16	483	765	490	773	default
V	492	765	496	773	default
B	407	773	413	781	default
1206YD106KAT2A	414	776	465	783	default
10	510	775	517	782	default
µF	518	775	526	782	default
±10%	566	775	582	782	default
84K8401	621	775	645	782	default
0.55	674	775	686	782	default
B	407	784	413	791	default
1206YD106MAT2A	414	786	466	793	default
10	510	786	517	793	default
µF	518	786	526	793	default
±20%	566	786	582	793	default
96M1430	621	786	645	793	default
0.46	674	786	686	793	default
1206	407	796	422	804	default
[3216	424	796	440	804	default
Metric],	442	796	465	804	default
X5R,	467	796	481	804	default
25	483	796	490	804	default
V	492	796	496	804	default
B	407	805	413	812	default
12063D225KAT2A	414	807	464	814	default
2.2	509	806	517	813	default
µF	519	806	527	813	default
±10%	566	806	582	813	default
96M1497	621	806	645	813	default
0.53	674	806	686	813	default
B	407	815	413	822	default
12063D475KAT2A	414	817	464	824	default
4.7	509	817	517	824	default
µF	519	817	527	824	default
±10%	566	817	582	824	default
84K8406	621	817	645	824	default
0.62	674	817	686	824	default
B	407	825	413	833	default
12063D475MAT2A	414	828	465	835	default
4.7	509	827	517	834	default
µF	519	827	527	834	default
±20%	566	827	582	834	default
96M1498	621	827	645	834	default
0.55	674	827	686	834	default
B	407	836	413	843	default
12063D106MAT2A	414	838	465	845	default
10	510	837	517	845	default
µF	518	837	526	845	default
±20%	566	837	582	845	default
94W2951	620	837	646	845	default
1.46	674	837	686	845	default
1206	407	848	422	856	default
[3216	424	848	440	856	default
Metric],	442	848	465	856	default
X5R,	467	848	481	856	default
50	483	848	490	856	default
V	492	848	496	856	default
B	407	857	413	864	default
12065D475KAT2A	414	859	464	866	default
4.7	509	858	517	865	default
µF	519	858	527	865	default
±10%	566	858	582	865	default
94W2963	620	858	646	865	default
0.63	674	858	686	865	default
Mfg.	121	235	134	242	default
Part	135	235	147	242	default
No.	149	235	158	242	default
Cap.	203	235	216	242	default
Tol.	260	235	270	242	default
Stock	310	235	327	242	default
No.	328	235	338	242	default
Tape	358	225	372	232	default
Cut	373	225	383	232	default
1-24+	363	235	379	242	default
0201	99	245	113	253	default
[0603	115	245	131	253	default
Metric],	133	245	156	253	default
X5R,	158	245	172	253	default
6.3	174	245	183	253	default
V	185	245	189	253	default
B	99	253	104	261	default
02016D104KAT2A	106	256	155	263	default
0.1	200	255	209	262	default
µF	210	255	218	262	default
±10%	257	255	273	262	default
85K9474	312	255	336	262	default
0.10	365	255	377	262	default
0402	99	266	113	273	default
[1005	115	266	131	273	default
Metric],	133	266	156	273	default
X5R,	158	266	172	273	default
6.3	174	266	183	273	default
V	185	266	189	273	default
B	99	274	104	281	default
04026D224KAT2A	106	276	155	284	default
0.22	199	276	210	283	default
µF	212	276	220	283	default
±10%	257	276	273	283	default
10R5926	312	276	336	283	default
0.18	365	276	377	283	default
B	99	285	104	292	default
04026D105KAT2A	106	287	155	294	default
1	203	286	206	293	default
µF	208	286	216	293	default
±10%	257	286	273	293	default
84K8386	312	286	336	293	default
0.10	365	286	377	293	default
0402	99	297	113	304	default
[1005	115	297	131	304	default
Metric],	133	297	156	304	default
X5R,	158	297	172	304	default
10	174	297	181	304	default
V	183	297	187	304	default
B	99	305	104	312	default
0402ZD104KAT2A	106	308	155	315	default
0.1	200	307	209	314	default
µF	210	307	218	314	default
±10%	257	307	273	314	default
96M1117	312	307	336	314	default
0.10	365	307	377	314	default
B	99	316	104	323	default
0402ZD224KAT2A	106	318	155	325	default
0.22	199	317	210	325	default
µF	212	317	220	325	default
±10%	257	317	273	325	default
94W2830	311	317	337	325	default
0.19	365	317	377	325	default
B	99	326	104	333	default
0402ZD105KAT2A	106	328	155	335	default
1	203	328	206	335	default
µF	208	328	216	335	default
±10%	257	328	273	335	default
06M4041	312	328	337	335	default
0.20	365	328	377	335	default
0603	99	338	113	346	default
[1608	115	338	131	346	default
Metric],	133	338	156	346	default
X5R,	158	338	172	346	default
4	174	338	178	346	default
V	180	338	184	346	default
B	99	347	104	354	default
06034D106MAT2A	106	349	156	356	default
10	201	349	208	356	default
µF	209	349	217	356	default
±20%	257	349	273	356	default
10R5934	312	349	336	356	default
0.38	365	349	377	356	default
0603	99	359	113	367	default
[1608	115	359	131	367	default
Metric],	133	359	156	367	default
X5R,	158	359	172	367	default
6.3	174	359	183	367	default
V	185	359	189	367	default
B	99	368	104	375	default
06036D105KAT2A	106	370	155	377	default
1	203	369	206	376	default
µF	208	369	216	376	default
±10%	257	369	273	376	default
84K8390	312	369	336	376	default
0.13	365	369	377	376	default
B	99	378	104	385	default
06036D475KAT2A	106	380	155	387	default
4.7	200	380	209	387	default
µF	210	380	218	387	default
±10%	257	380	273	387	default
96M1295	312	380	337	387	default
0.20	365	380	377	387	default
B	99	388	104	395	default
06036D475MAT2A	106	391	156	398	default
4.7	200	390	209	397	default
µF	210	390	218	397	default
±20%	257	390	273	397	default
96M1296	312	390	337	397	default
0.50	365	390	377	397	default
0603	99	400	113	408	default
[1608	115	400	131	408	default
Metric],	133	400	156	408	default
X5R,	158	400	172	408	default
10	174	400	181	408	default
V	183	400	187	408	default
B	99	409	104	416	default
0603ZD105KAT2A	106	411	155	418	default
1	203	411	206	418	default
µF	208	411	216	418	default
±10%	257	411	273	418	default
84K8388	312	411	336	418	default
0.10	365	411	377	418	default
0603	99	421	113	429	default
[1608	115	421	131	429	default
Metric],	133	421	156	429	default
X5R,	158	421	172	429	default
16	174	421	181	429	default
V	183	421	187	429	default
B	99	430	104	437	default
0603YD224KAT2A	106	432	156	439	default
0.22	199	432	210	439	default
µF	212	432	220	439	default
±10%	257	432	273	439	default
96M1182	312	432	336	439	default
0.32	365	432	377	439	default
B	99	440	104	447	default
0603YD334KAT2A	106	442	156	450	default
0.33	199	442	210	449	default
µF	212	442	220	449	default
±10%	257	442	273	449	default
96M1185	312	442	336	449	default
0.21	365	442	377	449	default
B	99	451	104	458	default
0603YD474KAT2A	106	453	156	460	default
0.47	199	452	210	459	default
µF	212	452	220	459	default
±10%	257	452	273	459	default
96M1186	312	452	336	459	default
0.21	365	452	377	459	default
B	99	461	104	468	default
0603YD105KAT2A	106	463	156	470	default
1	203	463	206	470	default
µF	208	463	216	470	default
±10%	257	463	273	470	default
96K4752	312	463	336	470	default
0.10	365	463	377	470	default
B	99	471	104	479	default
0603YD225KAT2A	106	474	156	481	default
2.2	200	473	209	480	default
µF	210	473	218	480	default
±10%	257	473	273	480	default
96M1183	312	473	336	480	default
0.67	365	473	377	480	default
B	99	482	104	489	default
0603YD225MAT2A	106	484	157	491	default
2.2	200	483	209	491	default
µF	210	483	218	491	default
±20%	257	483	273	491	default
96M1184	312	483	336	491	default
0.68	365	483	377	491	default
0603	99	494	113	502	default
[1608	115	494	131	502	default
Metric],	133	494	156	502	default
X5R,	158	494	172	502	default
25	174	494	181	502	default
V	183	494	187	502	default
B	99	503	104	510	default
06033D224KAT2A	106	505	155	512	default
0.22	199	504	210	511	default
µF	212	504	220	511	default
±10%	257	504	273	511	default
96M1266	312	504	337	511	default
0.36	365	504	377	511	default
B	99	513	104	520	default
06033D105KAT2A	106	515	155	522	default
1	203	515	206	522	default
µF	208	515	216	522	default
±10%	257	515	273	522	default
96M1265	312	515	337	522	default
0.60	365	515	377	522	default
0603	99	525	113	533	default
[1608	115	525	131	533	default
Metric],	133	525	156	533	default
X5R,	158	525	172	533	default
50	174	525	181	533	default
V	183	525	187	533	default
B	99	534	104	541	default
06035D104KAT2A	106	536	155	543	default
0.1	200	535	209	542	default
µF	210	535	218	542	default
±10%	257	535	273	542	default
94W2908	311	535	337	542	default
0.29	365	535	377	542	default
0603	99	546	113	553	default
[1608	115	546	131	553	default
Metric],	133	546	156	553	default
X7R,	158	546	172	553	default
10	174	546	181	553	default
V	183	546	187	553	default
B	99	554	104	562	default
0603ZC104KAT2A	106	557	155	564	default
0.1	200	556	209	563	default
µF	210	556	218	563	default
±10%	257	556	273	563	default
94W2856	311	556	337	563	default
0.29	365	556	377	563	default
B	99	565	104	572	default
0603ZC154KAT2A	106	567	155	574	default
0.15	199	566	210	574	default
µF	212	566	220	574	default
±10%	257	566	273	574	default
96M1190	312	566	336	574	default
0.34	365	566	377	574	default
B	99	575	104	582	default
0603ZC224KAT2A	106	577	155	585	default
0.22	199	577	210	584	default
µF	212	577	220	584	default
±10%	257	577	273	584	default
96K4753	312	577	336	584	default
0.15	365	577	377	584	default
B	99	586	104	593	default
0603ZC105KAT2A	106	588	155	595	default
1	203	587	206	594	default
µF	208	587	216	594	default
±10%	257	587	273	594	default
94W2857	311	587	337	594	default
0.52	365	587	377	594	default
0603	99	598	113	605	default
[1608	115	598	131	605	default
Metric],	133	598	156	605	default
X7R,	158	598	172	605	default
16	174	598	181	605	default
V	183	598	187	605	default
B	99	606	104	613	default
0603YC104JAT2A	106	609	155	616	default
0.1	200	608	209	615	default
µF	210	608	218	615	default
±5%	259	608	271	615	default
96M1175	312	608	336	615	default
0.25	365	608	377	615	default
B	99	617	104	624	default
0603YC104KAT2A	106	619	156	626	default
0.1	200	618	209	626	default
µF	210	618	218	626	default
±10%	257	618	273	626	default
96M1176	312	618	336	626	default
0.10	365	618	377	626	default
B	99	627	104	634	default
0603YC104K4T2A	106	629	155	636	default
0.1	200	629	209	636	default
µF	210	629	218	636	default
±10%	257	629	273	636	default
55J2625	312	629	336	636	default
0.10	365	629	377	636	default
B	99	638	104	645	default
0603YC104MAT2A	106	640	157	647	default
0.1	200	639	209	646	default
µF	210	639	218	646	default
±20%	257	639	273	646	default
96M1177	312	639	336	646	default
0.21	365	639	377	646	default
B	99	648	104	655	default
0603YC105KAT2A	106	650	156	657	default
1	203	650	206	657	default
µF	208	650	216	657	default
±10%	257	650	273	657	default
96M1178	312	650	336	657	default
0.25	365	650	377	657	default
0603	99	660	113	668	default
[1608	115	660	131	668	default
Metric],	133	660	156	668	default
X7R,	158	660	172	668	default
25	174	660	181	668	default
V	183	660	187	668	default
B	99	669	104	676	default
06033C104KAT2A	106	671	155	678	default
0.1	200	670	209	677	default
µF	210	670	218	677	default
±10%	257	670	273	677	default
96M1263	312	670	337	677	default
0.10	365	670	377	677	default
0603	99	681	113	688	default
[1608	115	681	131	688	default
Metric],	133	681	156	688	default
X7R,	158	681	172	688	default
50	174	681	181	688	default
V	183	681	187	688	default
B	99	689	104	697	default
06035C104KAT2A	106	692	155	699	default
0.1	200	691	209	698	default
µF	210	691	218	698	default
±10%	257	691	273	698	default
54K2412	312	691	336	698	default
0.10	365	691	377	698	default
B	99	700	104	707	default
06035C104K4T2A	106	702	155	709	default
0.1	200	701	209	709	default
µF	210	701	218	709	default
±10%	257	701	273	709	default
10R5938	312	701	336	709	default
0.31	365	701	377	709	default
0603	99	712	113	720	default
[1608	115	712	131	720	default
Metric],	133	712	156	720	default
Y5V,	158	712	171	720	default
10	173	712	180	720	default
V	182	712	186	720	default
B	99	721	104	728	default
0603ZG105ZAT2A	106	723	155	730	default
1	203	722	206	729	default
µF	208	722	216	729	default
+80%,-20%	249	722	281	729	default
84K8389	312	722	336	729	default
0.10	365	722	377	729	default
0603	99	733	113	740	default
[1608	115	733	131	740	default
Metric],	133	733	156	740	default
Y5V,	158	733	171	740	default
16	173	733	180	740	default
V	182	733	186	740	default
B	99	741	104	748	default
0603YG104ZAT2A	106	743	156	751	default
0.1	200	743	209	750	default
µF	210	743	218	750	default
+80%,-20%	249	743	281	750	default
94W2855	311	743	337	750	default
0.10	365	743	377	750	default
0603	99	753	113	761	default
[1608	115	753	131	761	default
Metric],	133	753	156	761	default
Y5V,	158	753	171	761	default
25	173	753	180	761	default
V	182	753	186	761	default
B	99	762	104	769	default
06033G104ZAT2A	106	764	155	771	default
0.1	200	764	209	771	default
µF	210	764	218	771	default
+80%,-20%	249	764	281	771	default
96K4762	312	764	336	771	default
0.10	365	764	377	771	default
0603	99	774	113	782	default
[1608	115	774	131	782	default
Metric],	133	774	156	782	default
Y5V,	158	774	171	782	default
50	173	774	180	782	default
V	182	774	186	782	default
B	99	783	104	790	default
06035G104ZAT2A	106	785	155	792	default
0.1	200	784	209	791	default
µF	210	784	218	791	default
+80%,-20%	249	784	281	791	default
96M1293	312	784	337	791	default
0.23	365	784	377	791	default
0805	99	795	113	802	default
[2012	115	795	131	802	default
Metric],	133	795	156	802	default
X5R,	158	795	172	802	default
6.3	174	795	183	802	default
V	185	795	189	802	default
B	99	803	104	811	default
08056D475KAT2A	106	806	155	813	default
4.7	200	805	209	812	default
µF	210	805	218	812	default
±10%	257	805	273	812	default
84K8400	312	805	336	812	default
0.18	365	805	377	812	default
B	99	814	104	821	default
08056D106MAT2A	106	816	156	823	default
10	201	815	208	823	default
µF	209	815	217	823	default
±20%	257	815	273	823	default
84K8399	312	815	336	823	default
0.25	365	815	377	823	default
B	99	824	104	831	default
08056D226MAT2A	106	826	156	833	default
22	201	826	208	833	default
µF	209	826	217	833	default
±20%	257	826	273	833	default
96M1423	312	826	337	833	default
0.27	365	826	377	833	default
0805	99	836	113	844	default
[2012	115	836	131	844	default
Metric],	133	836	156	844	default
X5R,	158	836	172	844	default
10	174	836	181	844	default
V	183	836	187	844	default
B	99	845	104	852	default
0805ZD105KAT2A	106	847	155	854	default
1	203	847	206	854	default
µF	208	847	216	854	default
±10%	257	847	273	854	default
94W2911	311	847	337	854	default
0.32	365	847	377	854	default
B	99	855	104	862	default
0805ZD335KAT2A	106	858	155	865	default
3.3	200	857	209	864	default
µF	210	857	218	864	default
±10%	257	857	273	864	default
84K8395	312	857	336	864	default
0.44	365	857	377	864	default
B	99	866	104	873	default
0805ZD475KAT2A	106	868	155	875	default
4.7	200	867	209	875	default
µF	210	867	218	875	default
±10%	257	867	273	875	default
84K8396	312	867	336	875	default
0.28	365	867	377	875	default
B	99	876	104	883	default
0805ZD106KAT2A	106	878	155	885	default
10	201	878	208	885	default
µF	209	878	217	885	default
±10%	257	878	273	885	default
96M1311	312	878	336	885	default
0.27	365	878	377	885	default
---	679	153	686	159	default
---	679	163	686	170	default
---	679	173	686	180	default
0.80	676	183	690	190	default
---	679	194	686	200	default
0.09	676	215	690	222	default
0.10	676	225	690	232	default
0.02	676	236	690	243	default
---	679	246	686	253	default
0.27	676	266	690	273	default
---	679	277	686	284	default
0.33	676	288	690	295	default
0.16	676	298	690	305	default
0.29	676	309	690	315	default
0.33	676	319	690	326	default
---	679	339	686	346	default
0.02	676	350	690	356	default
0.02	676	360	690	367	default
0.24	676	371	690	377	default
---	679	381	686	388	default
0.25	676	392	690	398	default
0.06	676	402	690	409	default
---	679	412	686	419	default
0.26	676	422	690	429	default
---	679	433	686	440	default
---	679	443	686	450	default
0.02	676	464	690	471	default
0.02	676	475	690	482	default
0.04	676	485	690	492	default
0.06	676	495	690	502	default
0.03	676	516	690	523	default
---	679	537	686	544	default
---	679	558	686	565	default
0.17	676	578	690	585	default
0.21	676	589	690	595	default
0.05	676	599	690	606	default
0.02	676	620	690	627	default
---	679	630	686	637	default
0.02	676	651	690	658	default
0.04	676	672	690	679	default
---	679	693	686	700	default
---	679	703	686	710	default
---	679	713	686	720	default
---	679	723	686	730	default
---	679	745	686	751	default
---	679	755	686	762	default
---	679	776	686	783	default
0.22	676	786	690	793	default
---	679	807	686	813	default
0.07	676	817	690	824	default
0.14	676	828	690	834	default
---	679	838	686	845	default
0.19	676	859	690	866	default
0.01	367	256	381	262	default
0.02	367	276	381	283	default
0.03	367	286	381	293	default
0.00	367	307	381	314	default
0.10	367	318	381	325	default
0.04	367	328	381	335	default
0.09	367	349	381	356	default
---	370	369	377	376	default
---	370	380	377	387	default
---	370	391	377	397	default
---	370	411	377	418	default
---	370	432	377	439	default
---	370	442	377	449	default
0.01	367	453	381	459	default
---	370	463	377	470	default
0.05	367	474	381	480	default
---	370	484	377	491	default
0.02	367	504	381	511	default
---	370	515	377	521	default
---	370	536	377	542	default
0.01	367	557	381	564	default
0.01	367	567	381	574	default
---	370	577	377	584	default
---	370	587	377	594	default
0.31	367	608	381	615	default
0.02	367	619	381	626	default
0.01	367	630	381	636	default
---	370	640	377	647	default
0.30	367	650	381	657	default
0.02	367	671	381	677	default
0.19	367	691	381	698	default
0.18	367	701	381	708	default
0.01	367	723	381	730	default
0.01	367	743	381	750	default
0.01	367	764	381	771	default
---	370	784	377	791	default
---	370	805	377	812	default
---	370	816	377	823	default
---	370	826	377	833	default
---	370	847	377	854	default
---	370	857	377	864	default
---	370	867	377	874	default
---	370	878	377	885	default
##LTFigure##	563	55	585	76	default
##LTFigure##	255	146	341	219	default
##LTFigure##	313	109	389	146	default
##LTFigure##	219	109	250	126	default
