33	709	960	729	973	default
Stainless	397	29	492	48	default
Steel	498	29	551	48	default
Pipe	558	29	604	48	default
Fittings	610	29	689	48	default
BSPP	71	693	98	703	default
threads	101	693	135	703	default
have	138	693	159	703	default
a	162	693	167	703	default
fluoroelastomer	170	693	241	703	default
gasket	243	693	274	703	default
and	276	693	293	703	default
a	296	693	301	703	default
316	304	693	321	703	default
stainless	324	693	363	703	default
steel	366	693	387	703	default
washer	390	693	423	703	default
to	425	693	434	703	default
prevent	437	693	471	703	default
leaks	474	693	497	703	default
Thread	60	681	95	691	default
Adapters,	98	681	146	691	default
Male	149	681	173	691	default
Straights,	129	531	176	541	default
Male	179	531	203	541	default
A	138	518	144	527	default
B	192	504	198	512	default
Pipe	60	540	81	550	default
Size	84	540	103	550	default
Max	135	540	155	550	default
psi	160	540	174	550	default
@	135	550	143	560	default
72°	146	550	162	560	default
F	163	550	169	560	default
(A)	60	550	73	560	default
(B)	93	550	106	560	default
1/8	66	563	78	572	default
1/16	93	563	109	572	default
9,100	135	563	161	572	default
48805K272	176	563	230	572	default
$7.82	245	563	271	572	default
1/4	66	572	78	582	default
1/8	93	572	104	582	default
7,500	135	572	161	582	default
48805K86	176	572	224	582	default
9.63	251	572	271	582	default
3/8	66	582	78	592	default
1/8	93	582	104	592	default
7,200	135	582	161	592	default
48805K82	176	582	224	592	default
13.46	245	582	271	592	default
3/8	66	592	78	602	default
1/4	93	592	104	602	default
7,200	135	592	161	602	default
48805K831	176	592	230	602	default
12.73	245	592	271	602	default
1/2	66	604	78	614	default
1/8	93	604	104	614	default
6,600	135	604	161	614	default
48805K84	176	604	224	614	default
22.91	245	604	271	614	default
1/2	66	614	78	624	default
1/4	93	614	104	624	default
6,600	135	614	161	624	default
48805K871	176	614	230	624	default
19.27	245	614	271	624	default
1/2	66	624	78	634	default
3/8	93	624	104	634	default
6,600	135	624	161	634	default
48805K891	176	624	230	634	default
19.09	245	624	271	634	default
3/4	66	636	78	646	default
1/4	93	636	104	646	default
7,300	135	636	161	646	default
48805K828	176	636	230	646	default
14.84	245	636	271	646	default
3/4	66	646	78	656	default
1/2	93	646	104	656	default
7,300	135	646	161	656	default
48805K834	176	646	230	656	default
14.74	245	646	271	656	default
1	60	656	66	665	default
1/2	93	656	104	665	default
5,300	135	656	161	665	default
48805K837	176	656	230	666	default
26.56	245	656	271	665	default
1	60	665	66	675	default
3/4	93	665	104	675	default
5,300	135	665	161	675	default
48805K843	176	666	230	675	default
26.47	245	665	271	675	default
A	130	323	136	331	default
B	166	281	173	289	default
90°	101	336	117	346	default
Elbows,	120	336	159	346	default
Female	161	336	198	346	default
@	198	338	206	346	default
Male	207	336	231	346	default
NPT	60	265	81	275	default
Reducers	84	265	132	275	default
A	594	321	600	330	default
B	642	306	648	315	default
Pipe	518	346	539	356	default
Size	542	346	561	356	default
Max	592	346	612	356	default
psi	618	346	632	356	default
@	592	356	600	365	default
72°	603	356	619	365	default
F	620	356	626	365	default
(A)	518	356	530	365	default
(B)	551	356	563	365	default
1/8	524	368	535	378	default
1/16	551	368	567	378	default
6,400	592	368	618	378	default
48805K126	634	368	688	378	default
$11.45	697	368	729	378	default
1/4	524	378	535	388	default
1/8	551	378	562	388	default
6,600	592	378	618	388	default
48805K252	634	378	688	388	default
13.82	703	378	729	388	default
3/8	524	388	535	397	default
1/8	551	388	562	397	default
5,300	592	388	618	397	default
48805K253	634	388	688	397	default
19.63	703	388	729	397	default
3/8	524	397	535	407	default
1/4	551	397	562	407	default
5,300	592	397	618	407	default
48805K38	634	397	682	407	default
18.36	703	397	729	407	default
1/2	524	407	535	417	default
1/8	551	407	562	417	default
5,200	592	407	618	417	default
48805K254	634	407	688	417	default
27.66	703	407	729	417	default
1/2	524	417	535	427	default
1/4	551	417	562	427	default
5,200	592	417	618	427	default
48805K44	634	417	682	427	default
26.73	703	417	729	427	default
1/2	524	429	535	439	default
3/8	551	429	562	439	default
5,200	592	429	618	439	default
48805K46	634	429	682	439	default
26.73	703	429	729	439	default
3/4	524	439	535	449	default
1/4	551	439	562	449	default
4,600	592	439	618	449	default
48805K846	634	439	688	449	default
23.85	703	439	729	449	default
3/4	524	449	535	459	default
3/8	551	449	562	459	default
4,600	592	449	618	459	default
48805K849	634	449	688	459	default
23.63	703	449	729	459	default
3/4	524	458	535	468	default
1/2	551	458	562	468	default
4,600	592	459	618	468	default
48805K852	634	459	688	468	default
20.18	703	459	729	468	default
1	518	471	524	481	default
1/4	551	471	562	481	default
4,400	592	471	618	481	default
48805K858	634	471	688	481	default
35.55	703	471	729	481	default
1	518	481	524	490	default
1/2	551	481	562	490	default
4,400	592	481	618	490	default
48805K861	634	481	688	491	default
34.40	703	481	729	490	default
1	518	490	524	500	default
3/4	551	490	562	500	default
4,400	592	490	618	500	default
48805K864	634	491	688	500	default
29.59	703	490	729	500	default
Straights,	563	336	611	346	default
Female	614	336	650	346	default
@	650	338	658	346	default
Male	659	336	683	346	default
A	362	324	368	332	default
B	413	305	419	314	default
Straights,	351	336	399	346	default
Female	402	336	438	346	default
Pipe	289	346	310	356	default
Size	313	346	332	356	default
Max	363	346	383	356	default
psi	389	346	403	356	default
@	363	356	372	365	default
72°	375	356	390	365	default
F	392	356	398	365	default
(A)	289	356	301	365	default
(B)	322	356	334	365	default
1/8	295	368	306	378	default
1/16	322	368	338	378	default
6,400	363	368	389	378	default
48805K261	405	368	459	378	default
$37.01	468	368	500	378	default
1/4	295	378	306	388	default
1/8	322	378	333	388	default
6,600	363	378	389	388	default
48805K263	405	378	459	388	default
15.01	474	378	500	388	default
3/8	295	388	306	397	default
1/8	322	388	333	397	default
5,300	363	388	389	397	default
48805K264	405	388	459	397	default
42.66	474	388	500	397	default
3/8	295	397	306	407	default
1/4	322	397	333	407	default
5,300	363	397	389	407	default
48805K71	405	397	453	407	default
20.55	474	397	500	407	default
1/2	295	410	306	420	default
1/8	322	410	333	420	default
5,200	363	410	389	420	default
48805K265	405	410	459	420	default
32.00	474	410	500	420	default
1/2	295	419	306	429	default
1/4	322	419	333	429	default
5,200	363	420	389	429	default
48805K75	405	420	453	429	default
31.82	474	420	500	429	default
1/2	295	429	306	439	default
3/8	322	429	333	439	default
5,200	363	429	389	439	default
48805K77	405	429	453	439	default
30.91	474	429	500	439	default
3/4	295	442	306	452	default
1/4	322	442	333	452	default
4,600	363	442	389	452	default
48805K816	405	442	459	452	default
24.35	474	442	500	452	default
3/4	295	451	306	461	default
1/2	322	451	333	461	default
4,600	363	452	389	461	default
48805K819	405	452	459	461	default
24.13	474	452	500	461	default
1	289	461	295	471	default
1/2	322	461	333	471	default
4,400	363	461	389	471	default
48805K822	405	461	459	471	default
42.98	474	461	500	471	default
1	289	471	295	481	default
3/4	322	471	333	481	default
4,400	363	471	389	481	default
48805K825	405	471	459	481	default
39.44	474	471	500	481	default
Pipe	60	127	81	136	default
Size	60	136	80	146	default
Lg	93	136	105	146	default
Max	135	127	155	136	default
psi	160	127	174	136	default
@	135	136	143	146	default
72°	146	136	162	146	default
F	163	136	169	146	default
1/16	60	149	76	159	default
11/160	93	149	119	159	default
10,000	135	149	166	159	default
48805K271	176	149	230	159	default
$34.50	240	149	271	159	default
1/16	60	158	76	168	default
20	93	158	103	169	default
10,000	135	159	166	168	default
48805K163	176	159	230	168	default
36.33	245	159	271	168	default
1/16	60	168	76	178	default
21/20	93	168	114	178	default
10,000	135	168	166	178	default
48805K164	176	168	230	178	default
36.33	245	168	271	178	default
1/16	60	178	76	188	default
30	93	178	103	188	default
10,000	135	178	166	188	default
48805K165	176	178	230	188	default
40.17	245	178	271	188	default
1/16	60	188	76	197	default
40	93	187	103	198	default
10,000	135	188	166	197	default
48805K166	176	188	230	197	default
46.33	245	188	271	197	default
1/8	60	200	72	210	default
11/160	93	200	119	210	default
9,100	140	200	166	210	default
48805K88	176	200	224	210	default
7.27	251	200	271	210	default
1/8	60	210	72	220	default
20	93	210	103	220	default
9,100	140	210	166	220	default
48805K135	176	210	230	220	default
12.00	245	210	271	220	default
1/8	60	219	72	229	default
21/20	93	219	114	230	default
9,100	140	220	166	229	default
48805K137	176	220	230	229	default
12.91	245	220	271	229	default
1/8	60	229	72	239	default
30	93	229	103	239	default
9,100	140	229	166	239	default
48805K141	176	229	230	239	default
13.63	245	229	271	239	default
1/8	60	239	72	249	default
40	93	239	103	249	default
9,100	140	239	166	249	default
48805K157	176	239	230	249	default
47.41	245	239	271	249	default
1/4	60	249	72	259	default
17/160	93	249	119	259	default
7,500	140	249	166	259	default
48805K81	176	249	224	259	default
8.91	251	249	271	259	default
Pipe	289	127	310	136	default
Size	289	136	309	146	default
Lg	322	136	334	146	default
Max	363	127	383	136	default
psi	389	127	403	136	default
@	363	136	372	146	default
72°	375	136	390	146	default
F	392	136	398	146	default
1/4	289	149	301	159	default
20	322	149	331	159	default
7,500	363	149	389	159	default
48805K23	405	149	453	159	default
$12.18	468	149	500	159	default
1/4	289	158	301	168	default
21/20	322	158	343	169	default
7,500	363	159	389	168	default
48805K25	405	159	453	168	default
15.82	474	159	500	168	default
1/4	289	168	301	178	default
30	322	168	331	178	default
7,500	363	168	389	178	default
48805K27	405	168	453	178	default
17.82	474	168	500	178	default
1/4	289	178	301	188	default
40	322	178	331	188	default
7,500	363	178	389	188	default
48805K29	405	178	453	188	default
21.09	474	178	500	188	default
3/8	289	190	301	200	default
17/160	322	190	348	201	default
7,200	363	190	389	200	default
48805K851	405	191	459	200	default
12.91	474	190	500	200	default
3/8	289	200	301	210	default
20	322	200	331	210	default
7,200	363	200	389	210	default
48805K136	405	200	459	210	default
16.18	474	200	500	210	default
3/8	289	210	301	220	default
21/20	322	210	343	220	default
7,200	363	210	389	220	default
48805K138	405	210	459	220	default
48.33	474	210	500	220	default
3/8	289	219	301	229	default
30	322	219	331	230	default
7,200	363	220	389	229	default
48805K142	405	220	459	229	default
18.91	474	220	500	229	default
3/8	289	229	301	239	default
40	322	229	331	239	default
7,200	363	229	389	239	default
48805K143	405	229	459	239	default
32.73	474	229	500	239	default
1/2	289	239	301	249	default
17/80	322	239	343	249	default
6,600	363	239	389	249	default
48805K911	405	239	459	249	default
18.18	474	239	500	249	default
1/2	289	249	301	259	default
20	322	249	331	259	default
6,600	363	249	389	259	default
48805K311	405	249	459	259	default
21.82	474	249	500	259	default
Pipe	518	127	539	136	default
Size	518	136	538	146	default
Lg	551	136	562	146	default
Max	592	127	612	136	default
psi	618	127	632	136	default
@	592	136	600	146	default
72°	603	136	619	146	default
F	620	136	626	146	default
1/2	524	149	535	159	default
21/20	551	149	572	159	default
6,600	592	149	618	159	default
48805K139	634	149	688	159	default
$57.00	697	149	729	159	default
1/2	524	158	535	168	default
30	551	158	560	169	default
6,600	592	159	618	168	default
48805K331	634	159	688	168	default
32.91	703	159	729	168	default
1/2	524	168	535	178	default
40	551	168	560	178	default
6,600	592	168	618	178	default
48805K144	634	168	688	178	default
37.64	703	168	729	178	default
3/4	524	181	535	190	default
127/320	551	180	581	191	default
7,300	592	181	618	190	default
48805K873	634	181	688	191	default
14.64	703	181	729	190	default
3/4	524	190	535	200	default
20	551	190	560	201	default
7,300	592	190	618	200	default
48805K876	634	191	688	200	default
21.32	703	190	729	200	default
3/4	524	200	535	210	default
30	551	200	560	210	default
7,300	592	200	618	210	default
48805K879	634	200	688	210	default
22.70	703	200	729	210	default
3/4	524	210	535	220	default
40	551	210	560	220	default
7,300	592	210	618	220	default
48805K882	634	210	688	220	default
27.59	703	210	729	220	default
1	518	222	524	232	default
25/160	551	222	576	233	default
5,300	592	222	618	232	default
48805K885	634	222	688	232	default
26.35	703	222	729	232	default
1	518	232	524	242	default
30	551	232	560	242	default
5,300	592	232	618	242	default
48805K894	634	232	688	242	default
51.80	703	232	729	242	default
1	518	242	524	252	default
40	551	242	560	252	default
5,300	592	242	618	252	default
48805K897	634	242	688	252	default
64.74	703	242	729	252	default
NPT	60	75	81	84	default
Connectors,	84	75	145	84	default
Adapters,	148	75	196	84	default
Caps,	199	75	227	84	default
and	230	75	249	84	default
Plugs	252	75	279	84	default
(Cont	282	75	309	84	default
)	312	75	315	84	default
Hex	346	117	365	127	default
Straights,	368	117	415	127	default
Male	418	117	442	127	default
Precision	60	56	137	72	default
Extreme-Pressure	142	56	292	72	default
Stainless	298	56	372	72	default
Steel	378	56	420	72	default
Threaded	425	56	503	72	default
Pipe	508	56	545	72	default
Fittings	550	56	612	72	default
Bushings,	449	531	498	541	default
Male	500	531	524	541	default
@	525	532	533	540	default
Female	533	531	569	541	default
A	487	518	493	526	default
B	528	508	534	516	default
Pipe	289	540	310	550	default
Size	313	540	332	550	default
Max	363	540	383	550	default
psi	389	540	403	550	default
@	363	550	372	560	default
72°	375	550	390	560	default
F	392	550	398	560	default
(A)	289	550	301	560	default
(B)	322	550	334	560	default
1/8	289	563	301	572	default
1/16	322	563	338	572	default
6,400	363	563	389	572	default
48805K522	405	563	459	572	default
$7.45	474	563	500	572	default
1/4	289	572	301	582	default
1/16	322	572	338	582	default
7,500	363	572	389	582	default
48805K241	405	572	459	582	default
36.99	474	572	500	582	default
1/4	289	582	301	592	default
1/8	322	582	333	592	default
6,000	363	582	389	592	default
48805K523	405	582	459	592	default
8.54	480	582	500	592	default
3/8	289	592	301	602	default
1/8	322	592	333	602	default
6,400	363	592	389	602	default
48805K524	405	592	459	602	default
10.36	474	592	500	602	default
3/8	289	601	301	611	default
1/4	322	601	333	611	default
5,300	363	602	389	611	default
48805K525	405	602	459	611	default
11.28	474	602	500	611	default
1/2	289	614	301	624	default
1/8	322	614	333	624	default
6,600	363	614	389	624	default
48805K526	405	614	459	624	default
16.54	474	614	500	624	default
1/2	289	624	301	634	default
1/4	322	624	333	634	default
6,400	363	624	389	634	default
48805K527	405	624	459	634	default
16.36	474	624	500	634	default
1/2	289	633	301	643	default
3/8	322	633	333	643	default
4,600	363	634	389	643	default
48805K528	405	634	459	643	default
17.09	474	634	500	643	default
3/4	289	643	301	653	default
1/4	322	643	333	653	default
6,400	363	643	389	653	default
48805K242	405	643	459	653	default
20.91	474	643	500	653	default
3/4	289	653	301	663	default
3/8	322	653	333	663	default
5,300	363	653	389	663	default
48805K749	405	653	459	663	default
11.92	474	653	500	663	default
Pipe	518	540	539	550	default
Size	542	540	561	550	default
Max	592	540	612	550	default
psi	618	540	632	550	default
@	592	550	600	560	default
72°	603	550	619	560	default
F	620	550	626	560	default
(A)	518	550	530	560	default
(B)	551	550	563	560	default
3/4	524	563	535	572	default
1/2	556	563	568	572	default
4,900	592	563	618	572	default
48805K243	634	563	688	572	default
$22.91	697	563	729	572	default
1	518	572	524	582	default
1/4	556	572	568	582	default
5,300	592	572	618	582	default
48805K752	634	572	688	582	default
17.15	703	572	729	582	default
1	518	582	524	592	default
3/8	556	582	568	592	default
5,300	592	582	618	592	default
48805K755	634	582	688	592	default
17.46	703	582	729	592	default
1	518	592	524	602	default
1/2	556	592	568	602	default
4,900	592	592	618	602	default
48805K758	634	592	688	602	default
19.14	703	592	729	602	default
1	518	602	524	611	default
3/4	556	601	568	611	default
4,600	592	602	618	611	default
48805K761	634	602	688	611	default
22.06	703	602	729	611	default
11/4	518	614	535	624	default
1	551	614	556	624	default
4,400	592	614	618	624	default
48805K764	634	614	688	624	default
59.79	703	614	729	624	default
11/2	518	624	535	634	default
1	551	624	556	634	default
4,400	592	624	618	634	default
48805K767	634	624	688	634	default
69.39	703	624	729	634	default
11/2	518	633	535	643	default
11/4	551	633	568	643	default
5,000	592	634	618	643	default
48805K773	634	634	688	643	default
92.44	703	634	729	643	default
2	518	643	524	653	default
1	551	643	556	653	default
3,900	592	643	618	653	default
48805K776	634	643	688	653	default
124.66	697	643	729	653	default
2	518	653	524	663	default
11/2	551	653	568	663	default
3,900	592	653	618	663	default
48805K779	634	653	688	663	default
113.08	697	653	729	663	default
(Continued)	618	60	684	71	default
Pipe	60	346	81	356	default
Size	84	346	103	356	default
Max	135	346	155	356	default
psi	160	346	174	356	default
@	135	356	143	365	default
72°	146	356	162	365	default
F	163	356	169	365	default
(A)	60	356	73	365	default
(B)	93	356	106	365	default
1/16	60	368	76	378	default
1/8	93	368	104	378	default
7,000	135	368	161	378	default
48805K111	176	368	230	378	default
$66.00	240	368	271	378	default
1/16	60	378	76	388	default
1/4	93	378	104	388	default
7,000	135	378	161	388	default
48805K112	176	378	230	388	default
66.00	245	378	271	388	default
1/16	60	388	76	397	default
3/8	93	388	104	397	default
7,000	135	388	161	397	default
48805K114	176	388	230	397	default
72.55	245	388	271	397	default
1/8	60	400	72	410	default
1/16	93	400	109	410	default
6,500	135	400	161	410	default
48805K782	176	400	230	410	default
24.72	245	400	271	410	default
1/4	60	410	72	420	default
1/8	93	410	104	420	default
5,500	135	410	161	420	default
48805K113	176	410	230	420	default
34.55	245	410	271	420	default
3/8	60	419	72	429	default
1/8	93	419	104	429	default
5,500	135	420	161	429	default
48805K115	176	420	230	429	default
67.27	245	420	271	429	default
3/8	60	429	72	439	default
1/4	93	429	104	439	default
5,600	135	429	161	439	default
48805K116	176	429	230	439	default
79.27	245	429	271	439	default
1/2	60	442	72	452	default
1/8	93	442	104	452	default
5,500	135	442	161	452	default
48805K117	176	442	230	452	default
83.45	245	442	271	452	default
1/2	60	451	72	461	default
1/4	93	451	104	461	default
5,600	135	452	161	461	default
48805K118	176	452	230	461	default
89.82	245	452	271	461	default
1/2	60	461	72	471	default
3/8	93	461	104	471	default
5,000	135	461	161	471	default
48805K119	176	461	230	471	default
92.36	245	461	271	471	default
NPT	181	720	202	729	default
@	202	721	210	729	default
BSPT	210	720	238	729	default
Pipe	60	739	81	749	default
Size	60	749	80	759	default
Max	89	729	109	739	default
psi	89	739	102	749	default
@	105	739	114	749	default
72°	89	749	104	759	default
F	106	749	112	759	default
1/8	60	761	72	771	default
9,100	89	761	115	771	default
4092K81	123	761	165	771	default
$8.18	174	761	200	771	default
1/4	60	771	72	781	default
7,500	89	771	115	781	default
4092K32	123	771	165	781	default
10.90	174	771	200	781	default
3/8	60	781	72	790	default
7,200	89	781	115	790	default
4092K83	123	781	165	791	default
14.55	174	781	200	790	default
Pipe	212	739	233	749	default
Size	212	749	232	759	default
Max	240	729	260	739	default
psi	240	739	254	749	default
@	257	739	265	749	default
72°	240	749	256	759	default
F	257	749	263	759	default
1/2	218	761	229	771	default
.6,600	237	761	266	771	default
4092K84	274	761	316	771	default
$21.64	326	761	357	771	default
3/4	218	771	229	781	default
.6,400	237	771	266	781	default
4092K85	274	771	316	781	default
30.91	331	771	357	781	default
1	212	781	218	790	default
4,600	240	781	266	790	default
4092K86	274	781	316	791	default
55.82	331	781	357	790	default
n	374	791	380	801	default
Not	383	791	400	800	default
for	403	791	415	800	default
use	418	791	435	800	default
with	437	791	457	800	default
hydraulic	460	791	502	800	default
fluid,	505	791	527	800	default
liquid	530	791	555	800	default
nitrogen,	558	791	599	800	default
or	602	791	611	800	default
steam	614	791	643	800	default
Thread	60	818	95	827	default
Adapters,	98	818	146	827	default
Female	149	818	185	827	default
@	185	819	193	827	default
Male	194	818	218	827	default
BSPP	71	829	98	839	default
male	101	829	123	839	default
threads	125	829	160	839	default
have	162	829	184	839	default
a	186	829	192	839	default
fluoroelastomer	195	829	265	839	default
gasket	268	829	299	839	default
and	301	829	318	839	default
a	321	829	326	839	default
316	329	829	346	839	default
stainless	349	829	388	839	default
steel	391	829	412	839	default
washer	415	829	448	839	default
to	450	829	460	839	default
prevent	462	829	496	839	default
leaks	499	829	523	839	default
NPT	490	720	511	729	default
@	511	721	520	729	default
BSPP	520	720	548	729	default
n	551	720	557	730	default
Pipe	374	739	395	749	default
Size	374	749	393	759	default
Max	402	729	422	739	default
psi	402	739	416	749	default
@	419	739	427	749	default
72°	402	749	418	759	default
F	419	749	425	759	default
1/8	374	761	385	771	default
5,300	402	761	428	771	default
4092K911	436	761	484	771	default
$10.61	488	761	519	771	default
1/4	374	771	385	781	default
5,500	402	771	428	781	default
4092K912	436	771	484	781	default
13.41	493	771	519	781	default
3/8	374	781	385	790	default
4,400	402	781	428	790	default
4092K913	436	781	484	791	default
17.98	493	781	519	790	default
Pipe	531	739	552	749	default
Size	531	749	550	759	default
Max	558	729	578	739	default
psi	558	739	571	749	default
@	574	739	582	749	default
72°	558	749	573	759	default
F	575	749	581	759	default
1/2	537	761	548	771	default
4,000	558	761	584	771	default
4092K914	592	761	640	771	default
$27.93	643	761	675	771	default
3/4	537	771	548	781	default
3,700	558	771	584	781	default
4092K915	592	771	640	781	default
42.62	649	771	675	781	default
1	531	781	537	790	default
2,800	558	781	584	790	default
4092K916	592	781	640	791	default
75.72	649	781	675	790	default
n	60	943	66	953	default
Not	70	943	86	953	default
for	89	943	102	953	default
use	105	943	121	953	default
with	124	943	143	953	default
hydraulic	146	943	188	953	default
fluid,	191	943	214	953	default
liquid	217	943	242	953	default
nitrogen,	245	943	285	953	default
or	288	943	298	953	default
steam	301	943	329	953	default
Pipe	60	862	81	872	default
Size	60	872	80	882	default
NPT	129	853	150	862	default
@	150	854	159	862	default
BSPT	159	853	186	862	default
NPT	272	853	293	862	default
@	293	854	301	862	default
BSPP	301	853	329	862	default
n	332	853	338	863	default
BSPT	428	853	456	862	default
@	456	854	464	862	default
NPT	465	853	486	862	default
BSPP	580	853	608	862	default
@	608	854	616	862	default
NPT	616	853	637	862	default
Max	93	862	113	872	default
psi	119	862	133	872	default
@	93	872	101	882	default
72°	104	872	120	882	default
F	121	872	127	882	default
Max	237	862	257	872	default
psi	263	862	277	872	default
@	237	872	245	882	default
72°	248	872	264	882	default
F	265	872	271	882	default
Max	389	862	409	872	default
psi	414	862	428	872	default
@	389	872	397	882	default
72°	400	872	416	882	default
F	417	872	423	882	default
Max	540	862	560	872	default
psi	566	862	580	872	default
@	540	872	548	882	default
72°	551	872	567	882	default
F	568	872	574	882	default
1/8	66	884	78	894	default
6,100	93	885	119	894	default
4092K11	139	885	181	894	default
$10.55	191	885	222	894	default
5,300	237	885	263	894	default
4092K711	285	885	333	894	default
$14.51	342	885	374	894	default
6,100	389	885	415	894	default
4092K26	441	885	483	894	default
$33.27	494	885	525	894	default
6,100	540	885	566	894	default
4092K56	592	885	634	894	default
$33.27	645	885	677	894	default
1/4	66	894	78	904	default
6,200	93	894	119	904	default
4092K12	139	894	181	904	default
14.54	196	894	222	904	default
5,500	237	894	263	904	default
4092K712	285	894	333	904	default
19.04	348	894	374	904	default
6,200	389	894	415	904	default
4092K21	441	894	483	904	default
37.64	499	894	525	904	default
6,200	540	894	566	904	default
4092K51	592	894	634	904	default
38.55	651	894	677	904	default
3/8	66	904	78	914	default
5,000	93	904	119	914	default
4092K13	139	904	181	914	default
20.36	196	904	222	914	default
4,400	237	904	263	914	default
4092K713	285	904	333	914	default
24.46	348	904	374	914	default
5,000	389	904	415	914	default
4092K22	441	904	483	914	default
40.18	499	904	525	914	default
5,000	540	904	566	914	default
4092K52	592	904	634	914	default
40.36	651	904	677	914	default
1/2	66	914	78	923	default
4,600	93	914	119	923	default
4092K14	139	914	181	923	default
29.82	196	914	222	923	default
4,000	237	914	263	923	default
4092K714	285	914	333	923	default
37.64	348	914	374	923	default
4,600	389	914	415	923	default
4092K23	441	914	483	923	default
57.64	499	914	525	923	default
4,600	540	914	566	923	default
4092K53	592	914	634	923	default
53.64	651	914	677	923	default
3/4	66	923	78	933	default
4,300	93	923	119	933	default
4092K15	139	923	181	933	default
51.39	196	923	222	933	default
3,700	237	923	263	933	default
4092K715	285	923	333	933	default
73.13	348	923	374	933	default
4,300	389	923	415	933	default
4092K24	441	923	483	933	default
60.73	499	923	525	933	default
4,300	540	923	566	933	default
4092K54	592	923	634	933	default
52.55	651	923	677	933	default
1	60	933	66	943	default
4,100	93	933	119	943	default
4092K16	139	933	181	943	default
98.18	196	933	222	943	default
2,800	237	933	263	943	default
4092K716	285	933	333	943	default
106.90	342	933	374	943	default
4,100	389	933	415	943	default
4092K25	441	933	483	943	default
83.82	499	933	525	943	default
4,100	540	933	566	943	default
4092K55	592	933	634	943	default
84.36	651	933	677	943	default
##LTFigure##	675	695	729	718	default
##LTFigure##	145	502	198	528	default
##LTFigure##	138	290	193	336	default
##LTFigure##	602	303	650	334	default
##LTFigure##	369	303	421	333	default
##LTFigure##	495	503	536	530	default
##LTFigure##	372	88	423	115	default
##LTFigure##	678	829	729	855	default
