24	32	960	52	973	default
Stainless	72	29	167	48	default
Steel	173	29	227	48	default
Pipe	233	29	279	48	default
Fittings	286	29	364	48	default
With	43	233	63	243	default
the	66	233	81	243	default
strength	83	233	121	243	default
to	124	233	133	243	default
handle	135	233	166	243	default
extreme	169	233	206	243	default
pressures,	209	233	257	243	default
these	259	233	285	243	default
fittings	287	233	318	243	default
can	321	233	338	243	default
be	340	233	352	243	default
used	355	233	377	243	default
to	380	233	389	243	default
connect	392	233	429	243	default
equipment	432	233	481	243	default
in	483	233	491	243	default
hydraulic	494	233	536	243	default
fluid	539	233	558	243	default
lines	561	233	582	243	default
Fittings	587	233	621	243	default
are	624	233	638	243	default
316	641	233	658	243	default
stainless	660	233	701	243	default
steel	32	243	54	252	default
and	57	243	75	252	default
have	77	243	100	252	default
excellent	102	243	144	252	default
corrosion	147	243	190	252	default
resistance,	193	243	243	252	default
unless	246	243	276	252	default
otherwise	279	243	324	252	default
stated	327	243	356	252	default
NPTF	362	243	389	252	default
(Dryseal)	392	243	432	252	default
threads	435	243	470	252	default
are	473	243	487	252	default
compatible	490	243	542	252	default
with	545	243	564	252	default
NPT	567	243	587	252	default
threads	590	243	625	252	default
Extreme-Pressure	32	216	182	231	default
Stainless	187	216	262	231	default
Steel	268	216	310	231	default
Threaded	315	216	393	231	default
Pipe	398	216	435	231	default
Fittings	440	216	502	231	default
(Continued	281	943	344	954	default
on	347	943	362	954	default
following	365	943	417	954	default
page)	420	943	452	954	default
(Continued)	509	219	575	230	default
NPT	375	271	396	281	default
straights	399	271	443	281	default
meet	445	271	469	281	default
SAE	472	271	492	281	default
J514,	494	271	520	281	default
unless	523	271	553	281	default
noted	556	271	582	281	default
NPTF	375	281	402	291	default
straights	405	281	449	291	default
meet	452	281	475	290	default
ASTM	478	281	506	290	default
A479	509	281	533	290	default
Pipe	375	352	396	361	default
Size	375	361	395	371	default
Lg	429	361	441	371	default
Thread	476	352	509	361	default
Type	476	361	498	371	default
Max	533	352	553	361	default
psi	559	352	572	361	default
@	533	361	541	371	default
72°	544	361	560	371	default
F	561	361	567	371	default
1/8	381	374	392	384	default
11/160	429	374	454	384	default
NPTF	476	374	502	384	default
7,200	539	374	565	384	default
51205K471	597	374	650	384	default
$7.63	675	374	701	384	default
1/8	381	383	392	393	default
20	429	383	438	394	default
NPT	476	384	497	393	default
7,200	539	384	565	393	default
51205K585	597	384	650	393	default
8.13	680	384	701	393	default
1/8	381	393	392	403	default
21/20	429	393	450	403	default
NPT	476	393	497	403	default
7,200	539	393	565	403	default
51205K586	597	393	650	403	default
8.92	680	393	701	403	default
1/8	381	403	392	413	default
30	429	403	438	413	default
NPT	476	403	497	413	default
7,200	539	403	565	413	default
51205K587	597	403	650	413	default
9.38	680	403	701	413	default
1/8	381	413	392	422	default
40	429	412	438	423	default
NPT	476	413	497	422	default
7,200	539	413	565	422	default
51205K588	597	413	650	422	default
24.12	675	413	701	422	default
1/4	381	425	392	435	default
17/160	429	425	454	435	default
NPT	476	425	497	435	default
15,000	533	425	565	435	default
51205K732	597	425	650	435	default
n	652	426	658	435	default
55.59	675	425	701	435	default
1/4	381	435	392	445	default
129/640	429	435	459	445	default
NPTF	476	435	502	445	default
7,200	539	435	565	445	default
51205K132	597	435	650	445	default
7.98	680	435	701	445	default
1/4	381	444	392	454	default
20	429	444	438	455	default
NPT	476	445	497	454	default
7,200	539	445	565	454	default
51205K589	597	445	650	454	default
8.30	680	445	701	454	default
1/4	381	454	392	464	default
21/20	429	454	450	465	default
NPT	476	454	497	464	default
7,200	539	454	565	464	default
51205K591	597	454	650	464	default
10.63	675	454	701	464	default
1/4	381	464	392	474	default
30	429	464	438	474	default
NPT	476	464	497	474	default
7,200	539	464	565	474	default
51205K592	597	464	650	474	default
11.89	675	464	701	474	default
1/4	381	474	392	484	default
40	429	474	438	484	default
NPT	476	474	497	484	default
7,200	539	474	565	484	default
51205K593	597	474	650	484	default
14.40	675	474	701	484	default
3/8	381	486	392	496	default
129/640	429	486	459	496	default
NPTF	476	486	502	496	default
7,200	539	486	565	496	default
51205K135	597	486	650	496	default
10.71	675	486	701	496	default
3/8	381	496	392	506	default
145/640	429	496	459	506	default
NPT	476	496	497	506	default
15,000	533	496	565	506	default
51205K733	597	496	650	506	default
n	652	496	658	506	default
72.69	675	496	701	506	default
3/8	381	506	392	515	default
20	429	505	438	516	default
NPT	476	506	497	515	default
7,200	539	506	565	515	default
51205K594	597	506	650	516	default
10.96	675	506	701	515	default
3/8	381	515	392	525	default
21/20	429	515	450	526	default
NPT	476	515	497	525	default
7,200	539	515	565	525	default
51205K595	597	516	650	525	default
14.71	675	515	701	525	default
3/8	381	525	392	535	default
30	429	525	438	535	default
NPT	476	525	497	535	default
7,200	539	525	565	535	default
51205K596	597	525	650	535	default
14.71	675	525	701	535	default
3/8	381	535	392	545	default
40	429	535	438	545	default
NPT	476	535	497	545	default
7,200	539	535	565	545	default
51205K597	597	535	650	545	default
62.60	675	535	701	545	default
1/2	381	547	392	557	default
157/640	429	547	459	558	default
NPTF	476	547	502	557	default
7,200	539	547	565	557	default
51205K142	597	547	650	557	default
15.87	675	547	701	557	default
1/2	381	557	392	567	default
20	429	557	438	567	default
NPT	476	557	497	567	default
7,200	539	557	565	567	default
51205K598	597	557	650	567	default
15.02	675	557	701	567	default
1/2	381	567	392	577	default
21/40	429	567	450	577	default
NPT	476	567	497	577	default
15,000	533	567	565	577	default
51205K735	597	567	650	577	default
n	652	567	658	577	default
75.55	675	567	701	577	default
1/2	381	576	392	586	default
21/20	429	576	450	587	default
NPT	476	577	497	586	default
7,200	539	577	565	586	default
51205K599	597	577	650	586	default
28.18	675	577	701	586	default
1/2	381	586	392	596	default
30	429	586	438	596	default
NPT	476	586	497	596	default
7,200	539	586	565	596	default
51205K611	597	586	650	596	default
22.54	675	586	701	596	default
1/2	381	596	392	606	default
40	429	596	438	606	default
NPT	476	596	497	606	default
7,200	539	596	565	606	default
51205K612	597	596	650	606	default
25.67	675	596	701	606	default
3/4	381	608	392	618	default
131/320	429	608	459	619	default
NPTF	476	609	502	618	default
6,600	539	609	565	618	default
51205K203	597	609	650	618	default
23.27	675	609	701	618	default
3/4	381	618	392	628	default
20	429	618	438	628	default
NPT	476	618	497	628	default
7,200	539	618	565	628	default
51205K613	597	618	650	628	default
27.39	675	618	701	628	default
3/4	381	628	392	638	default
30	429	628	438	638	default
NPT	476	628	497	638	default
7,200	539	628	565	638	default
51205K614	597	628	650	638	default
28.18	675	628	701	638	default
3/4	381	638	392	647	default
40	429	637	438	648	default
NPT	476	638	497	647	default
7,200	539	638	565	647	default
51205K615	597	638	650	647	default
40.38	675	638	701	647	default
1	375	650	381	660	default
13/160	429	650	454	660	default
NPTF	476	650	502	660	default
5,400	539	650	565	660	default
51205K205	597	650	650	660	default
57.54	675	650	701	660	default
1	375	660	381	670	default
30	429	660	438	670	default
NPT	476	660	497	670	default
7,200	539	660	565	670	default
51205K616	597	660	650	670	default
67.60	675	660	701	670	default
1	375	670	381	679	default
40	429	669	438	680	default
NPT	476	670	497	679	default
7,200	539	670	565	679	default
51205K617	597	670	650	679	default
71.77	675	670	701	679	default
11/4	375	679	392	689	default
231/640	429	679	459	690	default
NPTF	476	679	502	689	default
3,600	539	679	565	689	default
51205K207	597	679	650	689	default
108.27	669	679	701	689	default
11/2	375	689	392	699	default
239/640	429	689	459	699	default
NPTF	476	689	502	699	default
3,600	539	689	565	699	default
51205K197	597	689	650	699	default
139.24	669	689	701	699	default
11/2	375	699	392	709	default
40	429	699	438	709	default
NPT	476	699	497	709	default
7,200	539	699	565	709	default
51205K618	597	699	650	709	default
119.54	669	699	701	709	default
2	375	709	381	718	default
253/640	429	708	459	719	default
NPT	476	709	497	718	default
3,000	539	709	565	718	default
51205K583	597	709	650	718	default
142.04	669	709	701	718	default
n	376	719	382	728	default
Not	385	718	402	728	default
for	405	718	417	728	default
use	420	718	437	728	default
with	440	718	459	728	default
steam	462	718	490	728	default
Does	496	718	520	728	default
not	523	718	538	728	default
meet	541	718	564	728	default
SAE	567	718	587	728	default
J514	590	718	612	728	default
NPT	32	259	53	269	default
Connectors	56	259	114	269	default
and	117	259	135	269	default
Adapters	138	259	183	269	default
(Cont	186	259	213	269	default
)	216	259	219	269	default
•	35	282	39	290	default
Maximum	43	281	88	290	default
Pressure:	91	281	135	290	default
See	138	281	156	290	default
table;	159	281	184	290	default
NPT:	187	281	209	290	default
rated	212	281	236	290	default
for	239	281	252	290	default
steam	254	281	283	290	default
@	286	281	294	290	default
200°	297	281	319	290	default
F	321	281	327	290	default
(unless	43	290	75	300	default
noted);	78	290	110	300	default
NPTF:	113	290	142	300	default
rated	145	290	169	300	default
for	172	290	185	300	default
steam	188	290	216	300	default
@	219	290	227	300	default
300°	230	290	252	300	default
F	255	290	261	300	default
Straights,	500	342	548	352	default
Male	551	342	575	352	default
•	35	273	39	280	default
Use	43	271	61	281	default
with	64	271	83	281	default
hydraulic	86	271	128	281	default
fluid,	131	271	153	281	default
oil,	156	271	170	281	default
steam,	173	271	204	281	default
and	207	271	225	281	default
water	227	271	253	281	default
(unless	256	271	289	281	default
noted)	292	271	321	281	default
Straights,	151	342	199	352	default
Female	201	342	238	352	default
Straights,	135	597	183	607	default
Female	185	597	222	607	default
@	222	599	230	606	default
Male	230	597	254	607	default
NPT	32	735	53	745	default
Caps	56	735	82	745	default
and	85	735	103	745	default
Locknuts	106	735	152	745	default
•	35	749	39	756	default
Use	43	747	61	757	default
with	64	747	83	757	default
hydraulic	86	747	128	757	default
fluid,	131	747	153	757	default
oil,	156	747	170	757	default
water;	173	747	201	757	default
locknuts	43	757	82	766	default
can	85	757	102	766	default
also	105	757	124	766	default
be	127	757	138	766	default
used	141	757	164	766	default
with	167	757	186	766	default
air	189	757	200	766	default
and	203	757	221	766	default
natural	224	757	255	766	default
gas	258	757	275	766	default
Locknuts	43	781	90	790	default
have	98	780	120	790	default
a	128	780	134	790	default
PTFE	142	780	168	790	default
gasket,	176	780	210	790	default
which	32	790	60	800	default
creates	63	790	98	800	default
a	101	790	107	800	default
tight	110	790	132	800	default
seal	135	790	154	800	default
without	157	790	192	800	default
the	195	790	210	800	default
need	32	800	56	810	default
for	60	800	73	810	default
PTFE	77	800	102	810	default
tape;	107	800	131	810	default
screw	135	800	163	810	default
one	167	800	185	810	default
onto	189	800	210	810	default
the	32	810	47	819	default
male	50	810	72	819	default
end	75	810	92	819	default
of	95	810	104	819	default
a	107	810	113	819	default
fitting	116	810	142	819	default
for	145	810	157	819	default
extra	160	810	183	819	default
hold-	186	810	210	819	default
ing	32	819	47	829	default
power	50	819	80	829	default
Locknuts	85	819	129	829	default
are	132	819	147	829	default
made	150	819	177	829	default
of	180	819	189	829	default
303	193	819	210	829	default
stainless	32	829	72	839	default
steel	75	829	97	839	default
and	99	829	117	839	default
have	119	829	141	839	default
very	144	829	163	839	default
good	166	829	190	839	default
cor-	192	829	210	839	default
rosion	32	839	61	849	default
resistance	64	839	111	849	default
•	35	769	39	777	default
Maximum	43	767	88	777	default
Pressure:	91	767	135	777	default
See	138	767	156	777	default
table	159	767	181	777	default
Pipe	53	70	74	79	default
size	76	70	94	79	default
is	97	70	105	79	default
not	107	70	122	79	default
an	125	70	136	79	default
actual	139	70	167	79	default
measured	170	70	216	79	default
size,	218	70	239	79	default
but	242	70	257	79	default
rather	260	70	287	79	default
an	290	70	301	79	default
industry	304	70	341	79	default
designation	343	70	397	79	default
Align	403	70	426	79	default
your	429	70	449	79	default
pipe	452	70	472	79	default
or	475	70	484	79	default
fitting	487	70	513	79	default
with	515	70	535	79	default
the	537	70	552	79	default
“0”	554	70	569	79	default
line	572	70	588	79	default
as	590	70	601	79	default
shown	604	70	634	79	default
The	640	70	657	79	default
line	660	70	676	79	default
on	679	70	690	79	default
the	43	79	57	89	default
opposite	60	79	101	89	default
edge	103	79	127	89	default
gives	129	79	154	89	default
the	156	79	171	89	default
pipe	174	79	194	89	default
size	197	79	215	89	default
You	220	79	238	89	default
can	240	79	257	89	default
also	260	79	279	89	default
measure	282	79	322	89	default
the	324	79	339	89	default
OD	342	79	357	89	default
of	360	79	369	89	default
male	372	79	394	89	default
threads	397	79	431	89	default
or	434	79	444	89	default
the	446	79	461	89	default
ID	464	79	474	89	default
of	476	79	485	89	default
female	488	79	519	89	default
threads,	522	79	560	89	default
then	562	79	583	89	default
find	586	79	603	89	default
the	606	79	620	89	default
corresponding	623	79	690	89	default
pipe	43	89	63	99	default
size	66	89	84	99	default
in	87	89	95	99	default
the	98	89	112	99	default
chart	115	89	139	99	default
If	145	89	150	99	default
your	153	89	174	99	default
measurement	177	89	240	99	default
doesn’t	243	89	278	99	default
match	280	89	310	99	default
an	312	89	324	99	default
OD	327	89	342	99	default
or	345	89	354	99	default
ID	357	89	367	99	default
listed,	370	89	398	99	default
round	401	89	428	99	default
to	431	89	440	99	default
the	443	89	457	99	default
nearest	460	89	494	99	default
1/80	497	89	513	99	default
How	43	59	65	69	default
to	68	59	78	69	default
Measure	81	59	124	69	default
Pipe	127	59	149	69	default
Size	152	59	172	69	default
for	175	59	189	69	default
NPT	192	59	213	69	default
Threads—Example	216	59	307	69	default
shows	310	59	340	69	default
pipe	343	59	363	69	default
size	366	59	384	69	default
3/8	387	59	398	69	default
To	58	184	69	194	default
measure	72	184	112	194	default
larger	115	184	141	194	default
pipe	144	184	164	194	default
sizes,	167	184	193	194	default
go	196	184	208	194	default
to	211	184	220	194	default
mcmaster	223	184	269	194	default
com	271	184	292	194	default
and	295	184	312	194	default
search	315	184	346	194	default
for	349	184	361	194	default
4464KAC	364	184	410	194	default
For	415	184	431	194	default
information	434	184	486	194	default
about	489	184	516	194	default
fittings	519	184	550	194	default
and	553	184	570	194	default
pipe,	573	184	596	194	default
see	599	184	616	194	default
pages	618	184	647	194	default
2-3	650	184	665	194	default
Pipe	392	156	415	166	default
Size:ID:	418	156	442	178	default
0	447	168	453	178	default
1	543	168	548	178	default
38	480	166	488	177	default
1	465	166	469	173	default
4	470	170	474	177	default
12	493	166	502	177	default
34	521	166	530	177	default
34	634	166	644	177	default
1	604	168	609	178	default
114	566	166	580	178	default
1	629	168	635	178	default
58	507	166	516	177	default
58	609	166	618	177	default
˝	642	166	645	177	default
˝	617	166	619	177	default
˝	579	166	581	177	default
˝	529	166	531	177	default
˝	515	166	517	177	default
˝	500	166	503	177	default
˝	487	166	489	177	default
˝	472	166	475	177	default
˝	548	167	551	178	default
0	446	156	452	166	default
1	571	156	576	166	default
18	480	154	489	165	default
116	464	154	477	165	default
14	493	154	502	165	default
12	521	154	530	165	default
34	542	154	551	165	default
114	604	154	617	166	default
112	629	154	643	166	default
38	507	154	516	165	default
Pipe	73	156	95	166	default
Size:OD:	98	156	123	177	default
0	128	156	133	166	default
0	128	168	133	178	default
1	263	156	269	166	default
1	296	156	302	166	default
1	325	156	331	166	default
1	238	168	244	177	default
1838	168	155	177	177	default
1161	153	155	166	173	default
4	158	170	162	177	default
14	181	155	190	166	default
14	302	155	311	166	default
12	181	166	190	177	default
12	213	155	222	166	default
12	330	155	339	166	default
34	213	166	222	177	default
34	236	155	245	166	default
114	259	166	272	178	default
3858	195	155	204	177	default
˝	272	166	274	177	default
1	297	168	303	178	default
˝	221	166	223	177	default
34˝	330	166	341	177	default
˝	203	166	205	177	default
58˝	303	166	313	177	default
1	324	168	330	178	default
˝	188	166	191	177	default
˝	176	166	179	177	default
˝	161	166	164	177	default
˝	243	166	246	178	default
Pipe	32	607	53	616	default
Size	32	616	52	626	default
Thread	95	607	127	616	default
Type	95	616	116	626	default
Max	166	607	186	616	default
psi	192	607	205	616	default
@	166	616	174	626	default
72°	177	616	193	626	default
F	194	616	200	626	default
1/8	38	629	49	639	default
NPTF	95	629	121	639	default
6,500	172	629	198	639	default
51205K209	254	629	307	639	default
$12.31	326	629	357	639	default
1/4	38	639	49	648	default
NPTF	95	639	121	648	default
6,000	172	639	198	648	default
51205K311	254	639	307	648	default
18.52	331	639	357	648	default
3/8	38	648	49	658	default
NPTF	95	648	121	658	default
5,300	172	648	198	658	default
51205K314	254	648	307	658	default
23.47	331	648	357	658	default
3/8	38	658	49	668	default
NPT	95	658	115	668	default
15,000	166	658	198	668	default
51205K741	254	658	307	668	default
n	309	659	315	668	default
53.52	331	658	357	668	default
1/2	38	670	49	680	default
NPTF	95	671	121	680	default
6,000	172	671	198	680	default
51205K321	254	671	307	680	default
25.67	331	671	357	680	default
1/2	38	680	49	690	default
NPT	95	680	115	690	default
15,000	166	680	198	690	default
51205K738	254	680	307	690	default
n	309	681	315	690	default
107.28	326	680	357	690	default
3/4	38	690	49	700	default
NPTF	95	690	121	700	default
4,600	172	690	198	700	default
51205K325	254	690	307	700	default
72.19	331	690	357	700	default
1	32	700	38	710	default
NPTF	95	700	121	710	default
4,400	172	700	198	710	default
51205K328	254	700	307	710	default
93.87	331	700	357	710	default
2	32	710	38	719	default
NPT	95	710	115	719	default
2,400	172	710	198	719	default
51205K631	254	710	307	719	default
206.15	326	710	357	719	default
Pipe	32	352	53	361	default
Size	32	361	52	371	default
Thread	95	352	127	361	default
Type	95	361	116	371	default
Max	166	352	186	361	default
psi	192	352	205	361	default
@	166	361	174	371	default
72°	177	361	193	371	default
F	194	361	200	371	default
1/8	38	374	49	384	default
NPTF	95	374	121	384	default
6,000	172	374	198	384	default
51205K182	254	374	307	384	default
$12.23	326	374	357	384	default
1/4	38	384	49	393	default
NPTF	95	384	121	393	default
6,000	172	384	198	393	default
51205K212	254	384	307	393	default
13.04	331	384	357	393	default
1/4	38	393	49	403	default
NPT	95	393	115	403	default
15,000	166	393	198	403	default
51205K742	254	393	307	403	default
n	309	394	315	404	default
62.83	331	393	357	403	default
3/8	38	403	49	413	default
NPTF	95	403	121	413	default
6,000	172	403	198	413	default
51205K216	254	403	307	413	default
18.37	331	403	357	413	default
3/8	38	413	49	423	default
NPT	95	413	115	423	default
15,000	166	413	198	423	default
51205K743	254	413	307	423	default
n	309	413	315	423	default
68.07	331	413	357	423	default
1/2	38	425	49	435	default
NPTF	95	425	121	435	default
6,000	172	425	198	435	default
51205K223	254	425	307	435	default
25.13	331	425	357	435	default
1/2	38	435	49	445	default
NPT	95	435	115	445	default
15,000	166	435	198	445	default
51205K744	254	435	307	445	default
n	309	435	315	445	default
87.22	331	435	357	445	default
3/4	38	445	49	455	default
NPTF	95	445	121	455	default
4,800	172	445	198	455	default
51205K228	254	445	307	455	default
34.73	331	445	357	455	default
1	32	455	38	464	default
NPTF	95	455	121	464	default
3,600	172	455	198	464	default
51205K231	254	455	307	464	default
67.58	331	455	357	464	default
11/4	32	467	49	477	default
NPTF	95	467	121	477	default
3,000	172	467	198	477	default
51205K185	254	467	307	477	default
112.60	326	467	357	477	default
11/2	32	477	49	486	default
NPTF	95	477	121	486	default
2,400	172	477	198	486	default
51205K186	254	477	307	487	default
193.38	326	477	357	486	default
2	32	486	38	496	default
NPT	95	486	115	496	default
2,400	172	486	198	496	default
51205K623	254	487	307	496	default
179.59	326	486	357	496	default
n	32	496	38	506	default
Not	41	496	58	506	default
for	61	496	73	506	default
use	76	496	93	506	default
with	96	496	115	506	default
steam	118	496	146	506	default
Does	152	496	176	506	default
not	179	496	194	506	default
meet	197	496	220	506	default
SAE	223	496	243	506	default
J514	246	496	269	506	default
n	32	720	38	729	default
Not	41	719	58	729	default
for	61	719	73	729	default
use	76	719	93	729	default
with	96	719	115	729	default
steam	118	719	146	729	default
Does	152	719	176	729	default
not	179	719	194	729	default
meet	197	719	220	729	default
SAE	223	719	243	729	default
J514	246	719	269	729	default
Pipe	225	800	246	810	default
Size	225	810	245	820	default
Caps	345	791	371	800	default
Locknuts	565	791	611	800	default
Thread	255	800	287	810	default
Type	255	810	277	820	default
Max	307	800	327	810	default
psi	333	800	346	810	default
@	307	810	315	820	default
72°	318	810	334	820	default
F	335	810	341	820	default
Thread	476	800	509	810	default
Type	476	810	498	820	default
Max	533	800	553	810	default
psi	559	800	572	810	default
@	533	810	541	820	default
72°	544	810	560	820	default
F	561	810	567	820	default
1/8	231	822	242	832	default
NPTF	255	822	281	832	default
6,000	313	822	339	832	default
51205K491	357	822	411	832	default
$37.92	430	822	461	832	default
NPT	476	822	497	832	default
10,000	533	822	565	832	default
5530K37	597	822	639	832	default
$4.90	675	822	701	832	default
1/4	231	832	242	842	default
NPTF	255	832	281	842	default
6,000	313	832	339	842	default
51205K492	357	832	411	842	default
16.17	435	832	461	842	default
NPT	476	832	497	842	default
10,000	533	832	565	842	default
5530K38	597	832	639	842	default
6.32	680	832	701	842	default
1/4	231	842	242	852	default
NPT	255	842	275	852	default
15,000	307	842	339	852	default
51205K481	357	842	411	852	default
66.66	435	842	461	852	default
3/8	231	851	242	861	default
NPTF	255	852	281	861	default
6,000	313	852	339	861	default
51205K493	357	852	411	861	default
42.00	435	852	461	861	default
NPT	476	852	497	861	default
10,000	533	852	565	861	default
5530K39	597	852	639	861	default
7.14	680	852	701	861	default
3/8	231	861	242	871	default
NPT	255	861	275	871	default
15,000	307	861	339	871	default
51205K482	357	861	411	871	default
70.16	435	861	461	871	default
1/2	231	871	242	881	default
NPTF	255	871	281	881	default
6,000	313	871	339	881	default
51205K494	357	871	411	881	default
29.10	435	871	461	881	default
NPT	476	871	497	881	default
10,000	533	871	565	881	default
5530K44	597	871	639	881	default
11.80	675	871	701	881	default
1/2	231	881	242	890	default
NPT	255	881	275	890	default
15,000	307	881	339	890	default
51205K483	357	881	411	891	default
73.84	435	881	461	890	default
3/4	231	890	242	900	default
NPTF	255	890	281	900	default
4,800	313	890	339	900	default
51205K495	357	891	411	900	default
36.21	435	890	461	900	default
NPT	476	890	497	900	default
5,000	539	890	565	900	default
5530K45	597	891	639	900	default
15.16	675	890	701	900	default
1	225	900	231	910	default
NPTF	255	900	281	910	default
3,600	313	900	339	910	default
51205K496	357	900	411	910	default
42.96	435	900	461	910	default
NPT	476	900	497	910	default
5,000	539	900	565	910	default
5530K46	597	900	639	910	default
26.08	675	900	701	910	default
11/4	225	910	242	920	default
NPTF	255	910	281	920	default
2,400	313	910	339	920	default
51205K497	357	910	411	920	default
76.48	435	910	461	920	default
NPT	476	910	497	920	default
5,000	539	910	565	920	default
5530K47	597	910	639	920	default
29.10	675	910	701	920	default
11/2	225	919	242	929	default
NPTF	255	920	281	929	default
2,400	313	920	339	929	default
51205K498	357	920	411	929	default
105.19	430	920	461	929	default
NPT	476	920	497	929	default
3,000	539	920	565	929	default
5530K48	597	920	639	929	default
38.88	675	920	701	929	default
2	225	929	231	939	default
NPTF	255	929	281	939	default
2,400	313	929	339	939	default
51205K499	357	929	411	939	default
167.90	430	929	461	939	default
NPT	476	929	497	939	default
3,000	539	929	565	939	default
5530K49	597	929	639	939	default
55.94	675	929	701	939	default
##LTFigure##	515	311	565	338	default
##LTFigure##	173	308	223	339	default
##LTFigure##	175	565	222	595	default
##LTFigure##	570	749	613	786	default
##LTFigure##	345	754	387	780	default
##LTFigure##	438	104	522	141	default
##LTFigure##	130	104	201	145	default
