5	719	960	729	973	default
Stainless	397	29	492	48	default
Steel	498	29	551	48	default
Pipe	558	29	604	48	default
Fittings	610	29	689	48	default
(Continued	309	942	372	953	default
on	375	942	390	953	default
following	393	942	445	953	default
page)	448	942	480	953	default
(Continued	502	60	565	71	default
from	568	60	594	71	default
previous	598	60	646	71	default
page)	650	60	681	71	default
NPT	60	75	81	84	default
Connectors,	84	75	145	84	default
Adapters,	148	75	196	84	default
and	199	75	217	84	default
Caps	220	75	246	84	default
(Cont	249	75	276	84	default
)	279	75	282	84	default
Low-Pressure	60	56	174	72	default
Stainless	179	56	254	72	default
Steel	259	56	301	72	default
Threaded	307	56	385	72	default
Pipe	390	56	426	72	default
Fittings	431	56	493	72	default
Pipe	60	128	81	138	default
Size	60	138	80	147	default
Crosses	132	138	173	147	default
Straights,	237	128	285	138	default
Female	243	138	279	147	default
Straights,	343	128	391	138	default
Male	355	138	379	147	default
Straights,	447	128	495	138	default
Female	426	138	461	147	default
@	461	139	470	147	default
Butt	470	138	490	147	default
Weld	492	138	516	147	default
Unions	560	138	595	147	default
Caps	671	138	696	147	default
316	60	150	78	160	default
Stainless	81	150	126	160	default
Steel	129	150	154	160	default
1/8	71	160	83	170	default
4452K481	105	160	153	170	default
$14.45	169	160	200	170	default
4452K111	213	160	261	170	default
$3.36	282	160	308	170	default
4452K841	322	160	370	170	default
$2.92	386	160	412	170	default
4452K138	426	160	474	170	default
$2.38	490	160	516	170	default
4452K222	530	160	578	170	default
$15.39	594	160	625	170	default
4452K235	638	160	686	170	default
$2.46	703	160	729	170	default
1/4	71	169	83	179	default
4452K482	105	170	153	179	default
14.45	174	170	200	179	default
4452K112	213	170	261	179	default
4.27	288	170	308	179	default
4452K842	322	170	370	179	default
5.12	392	170	412	179	default
4452K139	426	170	474	179	default
2.47	496	170	516	179	default
4452K223	530	170	578	179	default
15.39	599	170	625	179	default
4452K236	638	170	686	179	default
3.28	709	170	729	179	default
3/8	71	179	83	189	default
4452K483	105	179	153	189	default
16.94	174	179	200	189	default
4452K113	213	179	261	189	default
4.46	288	179	308	189	default
4452K843	322	179	370	189	default
6.80	392	179	412	189	default
4452K211	426	179	474	189	default
2.82	496	179	516	189	default
4452K224	530	179	578	189	default
15.64	599	179	625	189	default
4452K237	638	179	686	189	default
3.87	709	179	729	189	default
1/2	71	189	83	199	default
4452K484	105	189	153	199	default
21.04	174	189	200	199	default
4452K114	213	189	261	199	default
6.50	288	189	308	199	default
4452K844	322	189	370	199	default
9.64	392	189	412	199	default
4452K212	426	189	474	199	default
4.08	496	189	516	199	default
4452K225	530	189	578	199	default
17.01	599	189	625	199	default
4452K238	638	189	686	199	default
4.54	709	189	729	199	default
3/4	71	201	83	211	default
4452K485	105	202	153	211	default
41.44	174	202	200	211	default
4452K115	213	202	261	211	default
8.99	288	202	308	211	default
4452K845	322	202	370	211	default
12.64	386	202	412	211	default
4452K213	426	202	474	211	default
5.19	496	202	516	211	default
4452K226	530	202	578	211	default
21.55	599	202	625	211	default
4452K239	638	202	686	211	default
5.16	709	202	729	211	default
1	66	211	71	221	default
4452K486	105	211	153	221	default
44.38	174	211	200	221	default
4452K116	213	211	261	221	default
11.98	282	211	308	221	default
4452K846	322	211	370	221	default
17.60	386	211	412	221	default
4452K214	426	211	474	221	default
6.78	496	211	516	221	default
4452K227	530	211	578	221	default
32.57	599	211	625	221	default
4452K241	638	211	686	221	default
7.94	709	211	729	221	default
11/4	66	221	83	231	default
4452K487	105	221	153	231	default
64.26	174	221	200	231	default
4452K117	213	221	261	231	default
19.05	282	221	308	231	default
4452K847	322	221	370	231	default
27.88	386	221	412	231	default
4452K215	426	221	474	231	default
10.28	490	221	516	231	default
4452K228	530	221	578	231	default
56.24	599	221	625	231	default
4452K242	638	221	686	231	default
15.56	703	221	729	231	default
11/2	66	231	83	240	default
4452K488	105	231	153	241	default
80.19	174	231	200	240	default
4452K118	213	231	261	241	default
22.62	282	231	308	240	default
4452K848	322	231	370	241	default
31.56	386	231	412	240	default
4452K216	426	231	474	241	default
13.68	490	231	516	240	default
4452K229	530	231	578	241	default
64.17	599	231	625	240	default
4452K243	638	231	686	241	default
19.96	703	231	729	240	default
2	66	243	71	253	default
4452K489	105	243	153	253	default
110.41	169	243	200	253	default
4452K119	213	243	261	253	default
31.87	282	243	308	253	default
4452K849	322	243	370	253	default
39.40	386	243	412	253	default
4452K217	426	243	474	253	default
17.89	490	243	516	253	default
4452K231	530	243	578	253	default
75.12	599	243	625	253	default
4452K244	638	243	686	253	default
25.63	703	243	729	253	default
21/2	66	253	83	263	default
4452K624	105	253	153	263	default
205.76	169	253	200	263	default
4452K135	213	253	261	263	default
78.79	282	253	308	263	default
4452K851	322	253	370	263	default
57.11	386	253	412	263	default
4452K218	426	253	474	263	default
42.72	490	253	516	263	default
4452K232	530	253	578	263	default
176.62	594	253	625	263	default
4452K245	638	253	686	263	default
45.30	703	253	729	263	default
3	66	263	71	272	default
4452K625	105	263	153	272	default
224.08	169	263	200	272	default
4452K136	213	263	261	272	default
101.78	277	263	308	272	default
4452K852	322	263	370	272	default
73.06	386	263	412	272	default
4452K219	426	263	474	272	default
58.20	490	263	516	272	default
4452K233	530	263	578	272	default
245.59	594	263	625	272	default
4452K246	638	263	686	272	default
59.36	703	263	729	272	default
4	66	272	71	282	default
4452K626	105	272	153	282	default
322.75	169	272	200	282	default
4452K137	213	272	261	282	default
134.69	277	272	308	282	default
4452K221	426	272	474	282	default
101.16	485	272	516	282	default
4452K234	530	272	578	282	default
366.05	594	272	625	282	default
4452K247	638	272	686	282	default
108.57	698	272	729	282	default
Meet	335	605	359	614	default
ASTM	362	605	390	614	default
A351	393	605	417	614	default
Inline	423	605	450	614	default
tees	452	605	474	614	default
are	477	605	491	614	default
also	494	605	513	614	default
known	516	605	547	614	default
as	550	605	560	614	default
branch	563	605	596	614	default
tees	598	605	618	614	default
NPT	60	593	81	603	default
Reducers	84	593	132	603	default
•	63	616	68	624	default
Maximum	71	614	117	624	default
Pressure:	120	614	163	624	default
150	166	614	183	624	default
psi	186	614	200	624	default
@	203	614	211	624	default
72°	214	614	230	624	default
F;	231	614	240	624	default
150	71	624	88	634	default
psi	91	624	105	634	default
@	108	624	116	634	default
360°	119	624	140	634	default
F	142	624	148	634	default
for	150	624	163	634	default
steam	166	624	194	634	default
•	63	606	68	614	default
Use	71	605	89	614	default
with	92	605	111	614	default
air,	114	605	127	614	default
natural	130	605	162	614	default
gas,	165	605	185	614	default
oil,	187	605	201	614	default
steam,	204	605	235	614	default
water	238	605	264	614	default
A	397	673	403	681	default
A	460	661	466	669	default
B	429	641	435	650	default
B	232	638	239	646	default
A	200	672	206	681	default
A	606	677	612	685	default
B	659	661	665	669	default
Pipe	63	702	84	711	default
Size	87	702	106	711	default
90°	199	692	215	702	default
Elbows	218	692	254	702	default
Inline	404	692	431	702	default
Tees	434	692	457	702	default
Straights,	596	692	644	702	default
Male	647	692	671	702	default
(A)	60	711	73	721	default
(B)	96	711	109	721	default
304	168	702	186	711	default
Stainless	141	711	186	721	default
Steel	188	711	213	721	default
316	268	702	285	711	default
Stainless	240	711	285	721	default
Steel	288	711	313	721	default
304	372	702	389	711	default
Stainless	344	711	389	721	default
Steel	392	711	417	721	default
316	471	702	489	711	default
Stainless	444	711	489	721	default
Steel	491	711	517	721	default
304	575	702	593	711	default
Stainless	548	711	593	721	default
Steel	595	711	621	721	default
316	675	702	692	711	default
Stainless	647	711	692	721	default
Steel	695	711	720	721	default
1/4	66	724	78	734	default
1/8	102	724	113	734	default
.4464K911	128	724	180	734	default
$5.12	196	724	222	734	default
4452K731	231	724	279	734	default
$6.28	296	724	322	734	default
4464K913	335	724	383	734	default
$6.84	400	724	426	734	default
4452K751	435	724	483	734	default
$7.86	499	724	525	734	default
4464K811	539	724	587	734	default
$5.24	603	724	629	734	default
4452K861	638	724	686	734	default
$5.88	703	724	729	734	default
3/8	66	733	78	743	default
1/8	102	733	113	743	default
4464K933	335	734	383	743	default
8.68	406	734	426	743	default
4452K753	435	734	483	743	default
10.38	499	734	525	743	default
4464K821	539	734	587	743	default
6.88	609	734	629	743	default
4452K862	638	734	686	743	default
7.72	709	734	729	743	default
3/8	66	743	78	753	default
1/4	102	743	113	753	default
.4464K921	128	743	180	753	default
6.32	202	743	222	753	default
4452K732	231	743	279	753	default
7.64	302	743	322	753	default
4464K923	335	743	383	753	default
8.68	406	743	426	753	default
4452K752	435	743	483	753	default
10.38	499	743	525	753	default
4464K831	539	743	587	753	default
6.88	609	743	629	753	default
4452K863	638	743	686	753	default
7.72	709	743	729	753	default
1/2	66	753	78	763	default
1/8	102	753	113	763	default
4464K963	335	753	383	763	default
9.12	406	753	426	763	default
4452K756	435	753	483	763	default
10.94	499	753	525	763	default
4464K841	539	753	587	763	default
10.83	603	753	629	763	default
4452K864	638	753	686	763	default
11.00	703	753	729	763	default
1/2	66	763	78	772	default
1/4	102	763	113	772	default
.4464K931	128	763	180	772	default
6.68	202	763	222	772	default
4452K733	231	763	279	772	default
8.49	302	763	322	772	default
4464K953	335	763	383	772	default
9.12	406	763	426	772	default
4452K755	435	763	483	772	default
10.94	499	763	525	772	default
4464K851	539	763	587	772	default
9.60	609	763	629	772	default
4452K865	638	763	686	772	default
11.00	703	763	729	772	default
1/2	66	772	78	782	default
3/8	102	772	113	782	default
.4464K941	128	772	180	782	default
6.68	202	772	222	782	default
4452K734	231	772	279	782	default
8.49	302	772	322	782	default
4464K943	335	772	383	782	default
9.60	406	772	426	782	default
4452K754	435	772	483	782	default
10.94	499	772	525	782	default
4464K861	539	772	587	782	default
9.60	609	772	629	782	default
4452K866	638	772	686	782	default
11.00	703	772	729	782	default
3/4	66	785	78	795	default
1/4	102	785	113	795	default
4464K993	335	785	383	795	default
14.56	400	785	426	795	default
4452K759	435	785	483	795	default
15.32	499	785	525	795	default
4464K871	539	785	587	795	default
12.88	603	785	629	795	default
4452K867	638	785	686	795	default
14.44	703	785	729	795	default
3/4	66	794	78	804	default
3/8	102	794	113	804	default
.4464K961	128	794	180	804	default
9.68	202	795	222	804	default
4452K735	231	795	279	804	default
12.30	296	795	322	804	default
4464K983	335	795	383	804	default
14.56	400	795	426	804	default
4452K758	435	795	483	804	default
15.32	499	795	525	804	default
4464K881	539	795	587	804	default
12.88	603	795	629	804	default
4452K868	638	795	686	804	default
14.44	703	795	729	804	default
3/4	66	804	78	814	default
1/2	102	804	113	814	default
.4464K951	128	804	180	814	default
9.68	202	804	222	814	default
4452K736	231	804	279	814	default
12.30	296	804	322	814	default
4464K973	335	804	383	814	default
14.56	400	804	426	814	default
4452K757	435	804	483	814	default
15.32	499	804	525	814	default
4464K891	539	804	587	814	default
12.88	603	804	629	814	default
4452K869	638	804	686	814	default
14.44	703	804	729	814	default
1	60	817	66	827	default
1/4	102	817	113	827	default
4464K944	335	817	383	827	default
18.60	400	817	426	827	default
4452K764	435	817	483	827	default
19.32	499	817	525	827	default
1	60	827	66	836	default
3/8	102	826	113	836	default
4464K934	335	827	383	836	default
18.60	400	827	426	836	default
4452K763	435	827	483	836	default
19.32	499	827	525	836	default
4464K812	539	827	587	836	default
17.96	603	827	629	836	default
4452K871	638	827	686	836	default
20.08	703	827	729	836	default
1	60	836	66	846	default
1/2	102	836	113	846	default
.4464K981	128	836	180	846	default
13.72	196	836	222	846	default
4452K737	231	836	279	846	default
14.64	296	836	322	846	default
4464K924	335	836	383	846	default
18.60	400	836	426	846	default
4452K762	435	836	483	846	default
19.32	499	836	525	846	default
4464K822	539	836	587	846	default
17.96	603	836	629	846	default
4452K872	638	836	686	846	default
20.08	703	836	729	846	default
1	60	846	66	856	default
3/4	102	846	113	856	default
.4464K971	128	846	180	856	default
13.72	196	846	222	856	default
4452K738	231	846	279	856	default
16.52	296	846	322	856	default
4464K914	335	846	383	856	default
18.60	400	846	426	856	default
4452K761	435	846	483	856	default
19.32	499	846	525	856	default
4464K832	539	846	587	856	default
17.96	603	846	629	856	default
4452K873	638	846	686	856	default
20.08	703	846	729	856	default
11/4	60	858	78	868	default
3/4	102	858	113	868	default
.4464K912	128	858	180	868	default
24.16	196	859	222	868	default
4452K739	231	859	279	868	default
25.11	296	859	322	868	default
4464K964	335	859	383	868	default
34.78	400	859	426	868	default
4452K766	435	859	483	868	default
40.42	499	859	525	868	default
4464K842	539	859	587	868	default
26.51	603	859	629	868	default
4452K874	638	859	686	868	default
31.80	703	859	729	868	default
11/4	60	868	78	878	default
.1	92	868	102	878	default
4464K991	132	868	180	878	default
24.16	196	868	222	878	default
4452K741	231	868	279	878	default
25.11	296	868	322	878	default
4464K954	335	868	383	878	default
34.78	400	868	426	878	default
4452K765	435	868	483	878	default
40.42	499	868	525	878	default
4464K852	539	868	587	878	default
26.51	603	868	629	878	default
4452K875	638	868	686	878	default
31.80	703	868	729	878	default
11/2	60	878	78	888	default
3/4	102	878	113	888	default
4464K994	335	878	383	888	default
43.09	400	878	426	888	default
4452K769	435	878	483	888	default
49.07	499	878	525	888	default
4464K862	539	878	587	888	default
30.19	603	878	629	888	default
4452K876	638	878	686	888	default
36.00	703	878	729	888	default
11/2	60	888	78	897	default
.1	92	888	102	897	default
4464K932	132	888	180	897	default
30.27	196	888	222	897	default
4452K742	231	888	279	897	default
35.23	296	888	322	897	default
4464K984	335	888	383	897	default
43.09	400	888	426	897	default
4452K768	435	888	483	897	default
49.07	499	888	525	897	default
4464K872	539	888	587	897	default
30.19	603	888	629	897	default
4452K877	638	888	686	897	default
36.00	703	888	729	897	default
11/2	60	897	78	907	default
.11/4	92	897	113	907	default
.4464K922	128	897	180	907	default
30.27	196	897	222	907	default
4452K743	231	897	279	907	default
35.23	296	897	322	907	default
4464K974	335	897	383	907	default
43.09	400	897	426	907	default
4452K767	435	897	483	907	default
49.07	499	897	525	907	default
4464K882	539	897	587	907	default
30.19	603	897	629	907	default
4452K878	638	897	686	907	default
36.00	703	897	729	907	default
2	60	910	66	920	default
1	96	910	102	920	default
4464K935	335	910	383	920	default
47.60	400	910	426	920	default
4452K773	435	910	483	920	default
63.21	499	910	525	920	default
4464K892	539	910	587	920	default
35.53	603	910	629	920	default
4452K879	638	910	686	920	default
45.01	703	910	729	920	default
2	60	920	66	929	default
11/4	96	919	113	929	default
.4464K952	128	919	180	929	default
38.28	196	920	222	929	default
4452K744	231	920	279	929	default
44.56	296	920	322	929	default
4464K925	335	920	383	929	default
47.60	400	920	426	929	default
4452K772	435	920	483	929	default
63.21	499	920	525	929	default
4464K82	539	920	581	929	default
35.53	603	920	629	929	default
4452K881	638	920	686	929	default
45.01	703	920	729	929	default
2	60	929	66	939	default
11/2	96	929	113	939	default
.4464K942	128	929	180	939	default
38.28	196	929	222	939	default
4452K745	231	929	279	939	default
44.56	296	929	322	939	default
4464K915	335	929	383	939	default
47.60	400	929	426	939	default
4452K771	435	929	483	939	default
63.21	499	929	525	939	default
4464K83	539	929	581	939	default
35.53	603	929	629	939	default
4452K882	638	929	686	939	default
45.01	703	929	729	939	default
•	63	303	68	311	default
Use	71	302	89	311	default
with	92	302	111	311	default
air,	114	302	127	311	default
natural	130	302	162	311	default
gas,	165	302	185	311	default
oil,	187	302	201	311	default
steam,	204	302	235	311	default
water	238	302	264	311	default
NPT	60	290	81	300	default
Plugs	84	290	112	300	default
•	63	313	68	321	default
Maximum	71	311	117	321	default
Pressure:	120	311	163	321	default
150	166	311	183	321	default
psi	186	311	200	321	default
@	203	311	211	321	default
72°	214	311	230	321	default
F;	231	311	240	321	default
150	71	321	88	331	default
psi	91	321	105	331	default
@	108	321	116	331	default
360°	119	321	140	331	default
F	142	321	148	331	default
for	150	321	163	331	default
steam	166	321	194	331	default
External	335	302	376	311	default
Hex	379	302	398	311	default
Drive	400	302	426	311	default
and	429	302	446	311	default
External	449	302	489	311	default
Square	492	302	527	311	default
Drive—Meet	529	302	589	311	default
ANSI/MSS	591	302	641	311	default
SP-114	643	302	678	311	default
and	680	302	698	311	default
ASTM	700	302	729	311	default
A351	325	311	349	321	default
Plugs	355	311	381	321	default
are	384	311	398	321	default
hollow,	401	311	433	321	default
except	436	311	468	321	default
1/8-3/8	471	311	498	321	default
pipe	501	311	521	321	default
sizes	524	311	547	321	default
are	550	311	565	321	default
solid	567	311	589	321	default
Hex	335	321	354	331	default
Drive—302	357	321	411	331	default
and	414	321	432	331	default
304	435	321	452	331	default
stainless	455	321	495	331	default
steel	498	321	520	331	default
plugs	523	321	549	331	default
are	552	321	566	331	default
solid;	569	321	594	331	default
316	597	321	614	331	default
stainless	617	321	658	331	default
steel	661	321	683	331	default
plugs	686	321	711	331	default
are	714	321	729	331	default
hollow,	325	331	357	340	default
except	360	331	392	340	default
1/8-3/8	395	331	422	340	default
pipe	425	331	445	340	default
sizes	448	331	471	340	default
are	474	331	488	340	default
solid	491	331	513	340	default
Hex	335	341	355	350	default
Drive	358	341	385	350	default
with	388	341	410	350	default
Magnet—Plugs	413	340	489	350	default
attract	492	340	523	350	default
metal	526	340	553	350	default
debris	556	340	586	350	default
that	589	340	607	350	default
could	611	340	637	350	default
otherwise	641	340	687	350	default
damage	690	340	729	350	default
your	325	350	345	360	default
system	348	350	381	360	default
They	387	350	410	360	default
are	413	350	427	360	default
hollow	430	350	460	360	default
NPTF	335	360	362	370	default
(Dryseal)	365	360	405	370	default
threads	408	360	443	370	default
are	446	360	460	370	default
compatible	463	360	515	370	default
with	518	360	537	370	default
NPT	540	360	560	370	default
threads	563	360	598	370	default
Pipe	60	421	81	431	default
Size	60	431	80	440	default
NPT	141	402	162	411	default
External	164	402	205	411	default
Hex	149	411	168	421	default
Drive	171	411	197	421	default
NPT	320	402	341	411	default
External	343	402	385	411	default
Square	320	411	355	421	default
Drive	358	411	384	421	default
Drive	445	421	469	431	default
Size	445	431	465	440	default
NPTF	519	402	546	411	default
Hex	549	402	568	411	default
Drive	571	402	597	411	default
NPTF	651	402	678	411	default
Hex	681	402	700	411	default
Drive	703	402	729	411	default
with	659	411	680	421	default
Magnet	683	411	721	421	default
304	119	421	137	431	default
Stainless	92	431	137	441	default
Steel	140	431	165	441	default
316	209	421	227	431	default
Stainless	182	431	227	441	default
Steel	229	431	254	441	default
304	299	421	316	431	default
Stainless	271	431	316	441	default
Steel	319	431	344	441	default
316	386	421	404	431	default
Stainless	358	431	403	441	default
Steel	406	431	431	441	default
304	507	421	524	431	default
Stainless	479	431	524	441	default
Steel	527	431	552	441	default
316	595	421	612	431	default
Stainless	567	431	612	441	default
Steel	615	431	640	441	default
316	681	421	699	431	default
Stainless	654	431	699	441	default
Steel	702	431	727	441	default
1/16	66	443	81	453	default
5/320	451	443	469	453	default
4464K559,$1.00	474	442	557	454	default
4452K539	565	443	613	453	default
$1.40	616	443	642	453	default
1/8	66	453	77	463	default
4464K251	87	453	135	463	default
$2.00	143	453	169	463	default
4452K141	177	453	225	463	default
$2.50	233	453	259	463	default
4464K231	269	453	316	463	default
$1.84	320	453	346	463	default
4452K121	354	453	402	463	default
$1.95	410	453	436	463	default
3/160	451	453	469	463	default
4464K561,	474	452	529	464	default
60	545	453	557	463	default
4452K541	565	453	613	463	default
89	630	453	642	463	default
1457N11	651	453	694	463	default
$2.90	703	453	729	463	default
1/4	66	463	77	472	default
4464K252	87	463	135	472	default
2.00	149	463	169	472	default
4452K142	177	463	225	472	default
2.50	239	463	259	472	default
4464K232	269	463	316	472	default
1.92	326	463	346	472	default
4452K122	354	463	402	472	default
2.49	416	463	436	472	default
1/40	451	462	465	473	default
4464K562,	474	462	529	473	default
90	545	463	557	472	default
4452K542	565	463	613	472	default
1.35	621	463	642	472	default
1457N12	651	463	694	472	default
3.40	709	463	729	472	default
3/8	66	472	77	482	default
4464K253	87	472	135	482	default
2.49	149	472	169	482	default
4452K143	177	472	225	482	default
2.83	239	472	259	482	default
4464K233	269	472	316	482	default
2.87	326	472	346	482	default
4452K123	354	472	402	482	default
3.29	416	472	436	482	default
5/160	451	472	469	483	default
4464K563,	474	471	529	483	default
2.00	537	472	557	482	default
4452K543	565	472	613	482	default
2.47	621	472	642	482	default
1457N13	651	472	694	482	default
3.65	709	472	729	482	default
1/2	66	482	77	492	default
4464K254	87	482	135	492	default
3.92	149	482	169	492	default
4452K144	177	482	225	492	default
4.70	239	482	259	492	default
4464K234	269	482	316	492	default
4.12	326	482	346	492	default
4452K124	354	482	402	492	default
4.62	416	482	436	492	default
3/80	451	482	465	492	default
4464K564,	474	481	529	493	default
2.70	537	482	557	492	default
4452K544	565	482	613	492	default
3.54	621	482	642	492	default
1457N14	651	482	694	492	default
4.50	709	482	729	492	default
3/4	66	494	77	504	default
4464K255	87	495	135	504	default
4.91	149	495	169	504	default
4452K145	177	495	225	504	default
5.94	239	495	259	504	default
4464K235	269	495	316	504	default
4.99	326	495	346	504	default
4452K125	354	495	402	504	default
5.65	416	495	436	504	default
9/160	451	494	469	505	default
4464K365	474	495	522	504	default
8.53	537	495	557	504	default
4452K545	565	495	613	504	default
11.21	616	495	642	504	default
1457N15	651	495	694	504	default
8.13	709	495	729	504	default
1	60	504	66	514	default
4464K256	87	504	135	514	default
8.49	149	504	169	514	default
4452K146	177	504	225	514	default
9.48	239	504	259	514	default
4464K236	269	504	316	514	default
6.32	326	504	346	514	default
4452K126	354	504	402	514	default
7.08	416	504	436	514	default
5/80	451	504	465	515	default
4464K366	474	504	522	514	default
10.32	531	504	557	514	default
4452K558	565	504	613	514	default
12.36	616	504	642	514	default
1457N16	651	504	694	514	default
13.38	703	504	729	514	default
11/4	60	514	77	524	default
4464K257	87	514	135	524	default
13.64	143	514	169	524	default
4452K147	177	514	225	524	default
16.35	233	514	259	524	default
4464K237	269	514	316	524	default
12.60	320	514	346	524	default
4452K127	354	514	402	524	default
16.72	410	514	436	524	default
3/40	451	514	465	524	default
4464K367	474	514	522	524	default
23.41	531	514	557	524	default
4452K547	565	514	613	524	default
25.05	616	514	642	524	default
1457N17	651	514	694	524	default
18.63	703	514	729	524	default
11/2	60	524	77	534	default
4464K258	87	524	135	534	default
14.93	143	524	169	534	default
4452K148	177	524	225	534	default
19.34	233	524	259	534	default
4464K238	269	524	316	534	default
15.02	320	524	346	534	default
4452K128	354	524	402	534	default
18.51	410	524	436	534	default
10	445	524	454	534	default
4464K368	474	524	522	534	default
27.60	531	524	557	534	default
4452K548	565	524	613	534	default
33.96	616	524	642	534	default
1457N18	651	524	694	534	default
24.38	703	524	729	534	default
2	60	534	66	543	default
4464K259	87	534	135	543	default
20.63	143	534	169	543	default
4452K149	177	534	225	543	default
27.96	233	534	259	543	default
4464K239	269	534	316	543	default
17.76	320	534	346	543	default
4452K129	354	534	402	543	default
25.51	410	534	436	543	default
10	445	533	454	544	default
4464K369	474	534	522	543	default
51.47	531	534	557	543	default
4452K549	565	534	613	543	default
55.61	616	534	642	543	default
1457N19	651	534	694	543	default
44.38	703	534	729	543	default
21/2	60	546	77	556	default
4464K244	87	546	135	556	default
36.98	143	546	169	556	default
4452K151	177	546	225	556	default
44.93	233	546	259	556	default
4464K241	269	546	316	556	default
33.86	320	546	346	556	default
4452K131	354	546	402	556	default
41.10	410	546	436	556	default
10	445	546	454	556	default
1457N21	651	546	694	556	default
128.00	698	546	729	556	default
3	60	556	66	565	default
4464K245	87	556	135	566	default
50.71	143	556	169	565	default
4452K152	177	556	225	566	default
57.66	233	556	259	565	default
4464K242	269	556	316	566	default
42.56	320	556	346	565	default
4452K132	354	556	402	566	default
49.96	410	556	436	565	default
4	60	565	66	575	default
4464K246	87	566	135	575	default
106.12	138	565	169	575	default
4452K153	177	566	225	575	default
135.73	228	565	259	575	default
4464K243	269	566	316	575	default
92.39	320	565	346	575	default
4452K133	354	566	402	575	default
115.32	405	565	436	575	default
,	60	575	67	586	default
Plug	70	576	91	585	default
is	94	576	101	585	default
302	104	576	122	585	default
stainless	124	576	165	585	default
steel	168	576	190	585	default
##LTFigure##	347	96	397	122	default
##LTFigure##	129	88	180	132	default
##LTFigure##	544	88	622	126	default
##LTFigure##	671	98	707	123	default
##LTFigure##	246	97	288	123	default
##LTFigure##	461	99	495	123	default
##LTFigure##	404	647	475	688	default
##LTFigure##	208	645	254	687	default
##LTFigure##	612	662	665	687	default
##LTFigure##	158	373	202	399	default
##LTFigure##	337	373	377	396	default
##LTFigure##	548	373	586	398	default
##LTFigure##	676	373	715	398	default
