42	32	960	52	973	default
Stainless	72	29	167	48	default
Steel	173	29	227	48	default
Pipe	233	29	279	48	default
Flanges	286	29	366	48	default
Raised	39	274	68	283	default
Surface	70	274	103	283	default
on	53	283	64	291	default
Back	67	283	88	291	default
(Flanges,	36	291	74	299	default
except	77	291	106	299	default
Stub	50	299	70	308	default
End)	72	299	91	308	default
Flat	45	356	61	365	default
Surface	63	356	96	365	default
on	53	365	64	373	default
Back	66	365	88	373	default
(Stub	49	373	71	381	default
End)	73	373	93	381	default
Stub-EndFitting	583	412	622	428	default
(not	574	428	590	436	default
included)	593	428	631	436	default
•	120	300	124	307	default
Pipe:	127	298	150	308	default
Use	153	298	171	308	default
unthreaded	174	298	225	308	default
Schedule	228	298	270	308	default
40	273	298	284	308	default
standard-wall	127	308	188	318	default
stainless	191	308	229	318	default
steel	232	308	253	318	default
(see	256	308	275	318	default
page	278	308	300	318	default
39)	303	308	317	318	default
InternalStop	406	423	438	440	default
Pipe	32	445	53	455	default
Size	32	455	52	464	default
Flange	89	445	120	455	default
OD	89	455	104	464	default
For	148	445	163	455	default
Bolt	166	445	185	455	default
Dia	148	455	163	464	default
(No	169	455	185	464	default
)	188	455	191	464	default
Butt	234	455	255	465	default
Weld	258	455	282	465	default
Slip-On	325	455	362	465	default
Weld	365	455	390	465	default
Socket	418	455	453	465	default
Connect	456	455	498	465	default
Stub	535	455	558	465	default
End	561	455	581	465	default
Cap	648	455	668	465	default
Class	32	466	60	476	default
300	63	466	80	476	default
Forged	83	466	118	476	default
Flanges	121	466	160	476	default
304/304L	37	477	82	487	default
Stainless	85	477	130	487	default
Steel	133	477	158	487	default
1/2	54	487	66	496	default
3	92	487	97	496	default
3/40	100	486	115	497	default
1/20	154	486	169	497	default
(4)	172	487	183	496	default
4448T286	215	487	262	496	default
$55.96	269	487	301	496	default
4448T251	314	487	361	496	default
$43.01	369	487	401	496	default
4448T264	414	487	461	496	default
$50.80	470	487	502	496	default
4448T297	515	487	562	496	default
$48.65	569	487	601	496	default
4448T275	614	487	661	496	default
$40.18	669	487	701	496	default
3/4	54	496	66	506	default
4	92	496	97	506	default
5/80	100	496	115	507	default
5/80	154	496	169	507	default
(4)	172	496	183	506	default
4448T287	215	496	262	506	default
51.78	275	496	301	506	default
4448T252	314	496	361	506	default
44.43	375	496	401	506	default
4448T265	414	496	461	506	default
44.43	476	496	502	506	default
4448T298	515	496	562	506	default
48.65	575	496	601	506	default
4448T276	614	496	661	506	default
47.68	675	496	701	506	default
1	45	506	51	516	default
4	92	506	97	516	default
7/80	100	506	115	516	default
5/80	154	506	169	516	default
(4)	172	506	183	516	default
4448T288	215	506	262	516	default
55.12	275	506	301	516	default
4448T253	314	506	361	516	default
54.95	375	506	401	516	default
4448T266	414	506	461	516	default
54.01	476	506	502	516	default
4448T299	515	506	562	516	default
52.80	575	506	601	516	default
4448T277	614	506	661	516	default
52.43	675	506	701	516	default
1	45	516	51	526	default
1/4	54	516	66	526	default
5	92	516	97	526	default
1/40	100	516	115	526	default
5/80	154	516	169	526	default
(4)	172	516	183	526	default
4448T289	215	516	262	526	default
89.80	275	516	301	526	default
4448T254	314	516	361	526	default
75.71	375	516	401	526	default
4448T267	414	516	461	526	default
84.67	476	516	502	526	default
4448T311	515	516	562	526	default
85.37	575	516	601	526	default
4448T278	614	516	661	526	default
79.44	675	516	701	526	default
1	45	526	51	535	default
1/2	54	525	66	535	default
6	92	526	97	535	default
1/80	100	525	115	536	default
3/40	154	525	169	536	default
(4)	172	526	183	535	default
4448T291	215	526	262	535	default
91.84	275	526	301	535	default
4448T255	314	526	361	535	default
89.87	375	526	401	535	default
4448T268	414	526	461	535	default
79.87	476	526	502	535	default
4448T312	515	526	562	535	default
98.13	575	526	601	535	default
4448T279	614	526	661	535	default
83.69	675	526	701	535	default
2	45	538	51	548	default
6	92	538	97	548	default
1/20	100	538	115	548	default
5/80	154	538	169	548	default
(8)	172	538	183	548	default
4448T292	215	538	262	548	default
103.69	269	538	301	548	default
4448T256	314	538	361	548	default
89.36	375	538	401	548	default
4448T269	414	538	461	548	default
111.02	470	538	502	548	default
4448T313	515	538	562	548	default
113.22	569	538	601	548	default
4448T281	614	538	661	548	default
101.24	669	538	701	548	default
2	45	548	51	558	default
1/2	54	548	66	558	default
7	92	548	97	558	default
1/20	100	548	115	558	default
3/40	154	548	169	558	default
(8)	172	548	183	558	default
4448T293	215	548	262	558	default
165.33	269	548	301	558	default
4448T257	314	548	361	558	default
171.55	369	548	401	558	default
4448T271	414	548	461	558	default
178.23	470	548	502	558	default
4448T314	515	548	562	558	default
183.24	569	548	601	558	default
4448T282	614	548	661	558	default
148.22	669	548	701	558	default
3	45	558	51	567	default
8	92	558	97	567	default
1/40	100	557	115	568	default
3/40	154	557	169	568	default
(8)	172	558	183	567	default
4448T294	215	558	262	567	default
148.95	269	558	301	567	default
4448T258	314	558	361	567	default
159.38	369	558	401	567	default
4448T272	414	558	461	567	default
175.08	470	558	502	567	default
4448T315	515	558	562	567	default
168.98	569	558	601	567	default
4448T283	614	558	661	567	default
130.13	669	558	701	567	default
4	45	567	51	577	default
100	89	567	104	577	default
3/40	154	567	169	577	default
(8)	172	567	183	577	default
4448T295	215	567	262	577	default
214.48	269	567	301	577	default
4448T259	314	567	361	577	default
209.33	369	567	401	577	default
4448T273	414	567	461	577	default
s	462	567	468	576	default
267.18	470	567	502	577	default
4448T262	515	567	562	577	default
217.30	569	567	601	577	default
4448T284	614	567	661	577	default
203.63	669	567	701	577	default
6	45	577	51	587	default
121/20	89	577	115	587	default
3/40	154	577	169	587	default
(12)	172	577	189	587	default
4448T296	215	577	262	587	default
451.56	269	577	301	587	default
4448T261	314	577	361	587	default
361.82	369	577	401	587	default
4448T274	414	577	461	587	default
s	462	577	468	585	default
493.80	470	577	502	587	default
4448T263	515	577	562	587	default
394.02	569	577	601	587	default
4448T285	614	577	661	587	default
352.04	669	577	701	587	default
8	45	587	51	596	default
150	89	586	104	597	default
7/80	154	586	169	597	default
(12)	172	587	189	596	default
4448T45	215	587	256	596	default
477.69	269	587	301	596	default
4448T43	314	587	355	596	default
417.22	369	587	401	596	default
4448T47	515	587	556	596	default
474.72	569	587	601	596	default
4448T48	614	587	655	596	default
481.22	669	587	701	596	default
10	43	596	54	606	default
171/20	89	596	115	607	default
10	148	596	158	607	default
(16)	160	596	177	606	default
4448T46	215	596	256	606	default
649.76	269	596	301	606	default
4448T44	314	596	355	606	default
602.64	369	596	401	606	default
4448T49	614	596	655	606	default
673.14	669	596	701	606	default
316/316L	37	606	82	616	default
Stainless	85	606	130	616	default
Steel	133	606	158	616	default
1/2	54	616	66	626	default
3	92	616	97	626	default
3/40	100	616	115	626	default
1/20	154	616	169	626	default
(4)	172	616	183	626	default
4452T296	215	616	262	626	default
55.73	275	616	301	626	default
4452T261	314	616	361	626	default
55.44	375	616	401	626	default
4452T274	414	616	461	626	default
57.71	476	616	502	626	default
4452T317	515	616	562	626	default
53.70	575	616	601	626	default
4452T285	614	616	661	626	default
47.40	675	616	701	626	default
3/4	54	625	66	635	default
4	92	626	97	635	default
5/80	100	625	115	636	default
5/80	154	625	169	636	default
(4)	172	626	183	635	default
4452T297	215	626	262	635	default
67.42	275	626	301	635	default
4452T262	314	626	361	635	default
57.96	375	626	401	635	default
4452T275	414	626	461	635	default
59.55	476	626	502	635	default
4452T318	515	626	562	635	default
60.38	575	626	601	635	default
4452T286	614	626	661	635	default
58.23	675	626	701	635	default
1	45	635	51	645	default
4	92	635	97	645	default
7/80	100	635	115	645	default
5/80	154	635	169	645	default
(4)	172	635	183	645	default
4452T298	215	635	262	645	default
74.11	275	635	301	645	default
4452T263	314	635	361	645	default
70.82	375	635	401	645	default
4452T276	414	635	461	645	default
62.39	476	635	502	645	default
4452T319	515	635	562	645	default
65.87	575	635	601	645	default
4452T287	614	635	661	645	default
60.14	675	635	701	645	default
1	45	645	51	655	default
1/4	54	645	66	655	default
5	92	645	97	655	default
1/40	100	645	115	655	default
5/80	154	645	169	655	default
(4)	172	645	183	655	default
4452T299	215	645	262	655	default
117.13	269	645	301	655	default
4452T264	314	645	361	655	default
95.92	375	645	401	655	default
4452T277	414	645	461	655	default
95.78	476	645	502	655	default
4452T321	515	645	562	655	default
90.87	575	645	601	655	default
4452T288	614	645	661	655	default
107.96	669	645	701	655	default
1	45	655	51	664	default
1/2	54	655	66	664	default
6	92	655	97	664	default
1/80	100	654	115	665	default
3/40	154	654	169	665	default
(4)	172	655	183	664	default
4452T311	215	655	262	665	default
108.89	269	655	301	664	default
4452T265	314	655	361	665	default
97.42	375	655	401	664	default
4452T278	414	655	461	665	default
110.55	470	655	502	664	default
4452T322	515	655	562	665	default
102.31	569	655	601	664	default
4452T289	614	655	661	665	default
88.67	675	655	701	664	default
2	45	667	51	677	default
6	92	667	97	677	default
1/20	100	667	115	677	default
5/80	154	667	169	677	default
(8)	172	667	183	677	default
4452T312	215	667	262	677	default
133.00	269	667	301	677	default
4452T266	314	667	361	677	default
121.56	369	667	401	677	default
4452T279	414	667	461	677	default
121.57	470	667	502	677	default
4452T323	515	667	562	677	default
122.55	569	667	601	677	default
4452T291	614	667	661	677	default
91.85	675	667	701	677	default
2	45	677	51	687	default
1/2	54	677	66	687	default
7	92	677	97	687	default
1/20	100	677	115	687	default
3/40	154	677	169	687	default
(8)	172	677	183	687	default
4452T313	215	677	262	687	default
204.37	269	677	301	687	default
4452T267	314	677	361	687	default
213.26	369	677	401	687	default
4452T281	414	677	461	687	default
197.77	470	677	502	687	default
4452T324	515	677	562	687	default
202.81	569	677	601	687	default
4452T292	614	677	661	687	default
183.73	669	677	701	687	default
3	45	687	51	696	default
8	92	687	97	696	default
1/40	100	686	115	697	default
3/40	154	686	169	697	default
(8)	172	687	183	696	default
4452T314	215	687	262	696	default
197.10	269	687	301	696	default
4452T268	314	687	361	696	default
191.32	369	687	401	696	default
4452T282	414	687	461	696	default
234.82	470	687	502	696	default
4452T325	515	687	562	696	default
201.92	569	687	601	696	default
4452T293	614	687	661	696	default
209.09	669	687	701	696	default
4	45	696	51	706	default
100	89	696	104	707	default
3/40	154	696	169	707	default
(8)	172	696	183	706	default
4452T315	215	696	262	706	default
321.18	269	696	301	706	default
4452T269	314	696	361	706	default
273.48	369	696	401	706	default
4452T283	414	696	461	706	default
s	462	696	468	705	default
328.94	470	696	502	706	default
4452T272	515	696	562	706	default
284.31	569	696	601	706	default
4452T294	614	696	661	706	default
263.35	669	696	701	706	default
6	45	706	51	716	default
121/20	89	706	115	716	default
3/40	154	706	169	716	default
(12)	172	706	189	716	default
4452T316	215	706	262	716	default
536.31	269	706	301	716	default
4452T271	314	706	361	716	default
532.67	369	706	401	716	default
4452T284	414	706	461	716	default
s	462	706	468	714	default
530.65	470	706	502	716	default
4452T273	515	706	562	716	default
546.48	569	706	601	716	default
4452T295	614	706	661	716	default
520.34	669	706	701	716	default
8	45	716	51	726	default
150	89	716	104	726	default
7/80	154	716	169	726	default
(12)	172	716	189	726	default
4452T113	215	716	262	726	default
613.44	269	716	301	726	default
4452T111	314	716	361	726	default
491.05	369	716	401	726	default
4452T115	515	716	562	726	default
559.60	569	716	601	726	default
4452T116	614	716	661	726	default
545.24	669	716	701	726	default
10	43	726	54	735	default
171/20	89	725	115	736	default
10	148	725	158	736	default
(16)	160	726	177	735	default
4452T114	215	726	262	735	default
841.79	269	726	301	735	default
4452T112	314	726	361	735	default
754.10	369	726	401	735	default
4452T117	614	726	661	735	default
860.91	669	726	701	735	default
s	32	943	39	952	default
Not	41	943	57	953	default
for	60	943	73	953	default
use	76	943	92	953	default
with	95	943	114	953	default
steam	117	943	146	953	default
Does	151	943	176	953	default
not	178	943	193	953	default
meet	196	943	220	953	default
ANSI/ASME	223	943	279	953	default
B16.5	281	943	309	953	default
•	120	251	124	259	default
Maximum	127	250	173	259	default
Pressure	176	250	216	259	default
(unless	219	250	252	259	default
noted):	255	250	287	259	default
Class	127	259	153	269	default
300:	156	259	176	269	default
300	179	259	196	269	default
psi	199	259	213	269	default
@	216	259	224	269	default
72°	227	259	243	269	default
F;	244	259	253	269	default
300	127	269	144	279	default
psi	147	269	161	279	default
@	164	269	172	279	default
360°	175	269	197	279	default
F	198	269	204	279	default
for	207	269	219	279	default
steam	222	269	251	279	default
Class	127	279	153	288	default
600:	156	279	176	288	default
1,200	179	279	205	288	default
psi	208	279	221	288	default
@	224	279	233	288	default
72°	236	279	251	288	default
F;	253	279	261	288	default
840	127	288	144	298	default
psi	147	288	161	298	default
@	164	288	172	298	default
400°	175	288	197	298	default
F	198	288	204	298	default
for	207	288	219	298	default
steam	222	288	251	298	default
High-Pressure	32	213	150	229	default
Stainless	156	213	230	229	default
Steel	236	213	278	229	default
Unthreaded	283	213	380	229	default
Pipe	385	213	421	229	default
Flanges	426	213	490	229	default
Use	342	230	361	240	default
these	364	230	389	240	default
heavy	392	230	420	240	default
duty	423	230	444	240	default
forged	447	230	477	240	default
flanges	480	230	513	240	default
for	516	230	529	240	default
high-pressure	532	230	596	240	default
applications	599	230	656	240	default
Bolt	661	230	680	240	default
two	683	230	701	240	default
flat-surface	332	240	383	250	default
flanges	385	240	418	250	default
or	420	240	429	250	default
two	432	240	449	250	default
raised-surface	451	240	516	250	default
flanges	518	240	551	250	default
of	553	240	562	250	default
same	564	240	589	250	default
size	591	240	609	250	default
together	611	240	649	250	default
with	651	240	670	250	default
a	673	240	678	250	default
gas-	680	240	701	250	default
ket	332	250	346	259	default
(sold	349	250	371	259	default
separately	373	250	421	259	default
on	423	250	435	259	default
pages	437	250	466	259	default
3619-3624)	468	250	521	259	default
to	523	250	532	259	default
create	535	250	563	259	default
an	566	250	577	259	default
access	580	250	612	259	default
point	615	250	638	259	default
in	641	250	649	259	default
a	651	250	657	259	default
pipe	659	250	679	259	default
line	682	250	698	259	default
Flanges	342	259	379	269	default
come	383	259	409	269	default
with	413	259	432	269	default
a	436	259	442	269	default
material	445	259	483	269	default
certificate	486	259	532	269	default
with	536	259	556	269	default
traceable	559	259	603	269	default
lot	606	259	618	269	default
number	622	259	658	269	default
and	662	259	679	269	default
test	683	259	701	269	default
report	332	269	360	279	default
They	365	269	388	279	default
meet	391	269	414	279	default
ASTM	417	269	446	279	default
A182	449	269	473	279	default
and	476	269	494	279	default
ANSI/ASME	497	269	553	279	default
B16.5,	556	269	586	279	default
unless	589	269	619	279	default
noted	622	269	649	279	default
Class	654	269	680	279	default
300	683	269	701	279	default
flanges	332	279	365	288	default
also	368	279	387	288	default
meet	390	279	413	288	default
MSS	416	279	438	288	default
SP-6	441	279	464	288	default
and	467	279	484	288	default
SP-25	487	279	516	288	default
304	342	288	359	298	default
stainless	362	288	405	298	default
steel	408	288	431	298	default
flanges	434	288	467	298	default
offer	469	288	490	298	default
very	492	288	512	298	default
good	514	288	538	298	default
corrosion	540	288	583	298	default
resistance	586	288	632	298	default
316	638	288	655	298	default
stainless	657	288	701	298	default
steel	332	298	356	308	default
flanges	358	298	392	308	default
have	394	298	416	308	default
excellent	419	298	460	308	default
corrosion	463	298	506	308	default
resistance	509	298	556	308	default
Butt-weld	342	308	390	318	default
flanges	393	308	426	318	default
are	429	308	443	318	default
also	446	308	465	318	default
known	467	308	498	318	default
as	501	308	511	318	default
weld-neck	514	308	562	318	default
flanges;	565	308	600	318	default
the	603	308	618	318	default
flange	620	308	648	318	default
neck	651	308	673	318	default
has	676	308	692	318	default
a	695	308	701	318	default
beveled	332	318	368	327	default
end	371	318	388	327	default
that,	391	318	412	327	default
when	415	318	440	327	default
flush	442	318	464	327	default
to	467	318	476	327	default
pipe,	479	318	502	327	default
creates	505	318	539	327	default
a	542	318	547	327	default
trough	550	318	580	327	default
for	583	318	595	327	default
a	598	318	603	327	default
strong	606	318	635	327	default
weld	638	318	660	327	default
Slip-on	666	318	701	327	default
weld	332	327	355	337	default
flanges	358	327	392	337	default
have	395	327	417	337	default
no	420	327	432	337	default
internal	435	327	469	337	default
stop;	472	327	496	337	default
slide	499	327	520	337	default
a	523	327	529	337	default
pipe	532	327	552	337	default
through	555	327	591	337	default
the	594	327	609	337	default
flange	612	327	640	337	default
and	643	327	661	337	default
weld	664	327	686	337	default
on	689	327	701	337	default
both	332	337	353	347	default
sides	356	337	380	347	default
Socket-connect	385	337	464	347	default
flanges	466	337	499	347	default
have	502	337	524	347	default
an	526	337	538	347	default
internal	540	337	574	347	default
stop	577	337	597	347	default
that	600	337	617	347	default
supports	620	337	661	347	default
the	663	337	678	347	default
pipe	681	337	701	347	default
when	332	347	357	356	default
welding	360	347	396	356	default
and	399	347	417	356	default
prevents	420	347	460	356	default
the	463	347	477	356	default
pipe	480	347	500	356	default
from	504	347	525	356	default
sliding	528	347	558	356	default
all	561	347	571	356	default
the	574	347	589	356	default
way	592	347	610	356	default
through	613	347	649	356	default
Stub-end	655	347	701	356	default
flanges	332	356	365	366	default
are	368	356	382	366	default
also	385	356	404	366	default
known	407	356	438	366	default
as	441	356	451	366	default
lap-joint	454	356	492	366	default
flanges;	495	356	531	366	default
use	534	356	550	366	default
them	553	356	576	366	default
with	579	356	598	366	default
a	601	356	607	366	default
stub-end	610	356	652	366	default
fitting	654	356	680	366	default
(not	683	356	701	366	default
included)	332	366	375	376	default
The	381	366	398	376	default
stub-end	401	366	444	376	default
fitting	447	366	473	376	default
slides	476	366	503	376	default
into	507	366	524	376	default
the	527	366	542	376	default
flange	545	366	574	376	default
and	577	366	595	376	default
welds	598	366	625	376	default
to	629	366	638	376	default
pipe	641	366	662	376	default
(not	665	366	683	376	default
the	686	366	701	376	default
flange)	332	376	362	386	default
Since	368	376	393	386	default
the	396	376	410	386	default
flange	413	376	441	386	default
isn’t	443	376	462	386	default
welded	465	376	498	386	default
to	500	376	509	386	default
the	512	376	526	386	default
pipe,	529	376	552	386	default
it	554	376	560	386	default
can	562	376	579	386	default
be	581	376	593	386	default
disconnected	595	376	658	386	default
easily	660	376	686	386	default
for	688	376	701	386	default
frequent	332	386	370	395	default
cleaning	373	386	411	395	default
and	414	386	432	395	default
inspecting	435	386	482	395	default
Cap	488	386	508	395	default
flanges	510	386	544	395	default
are	546	386	561	395	default
also	564	386	582	395	default
known	585	386	616	395	default
as	619	386	630	395	default
blind	632	386	655	395	default
flanges	658	386	691	395	default
Class	32	737	60	747	default
600	63	737	80	747	default
Forged	83	737	118	747	default
Flanges	121	737	160	747	default
304/304L	37	747	82	757	default
Stainless	85	747	130	757	default
Steel	133	747	158	757	default
1/2	54	757	66	767	default
3	92	757	97	767	default
3/40	100	757	115	767	default
1/20	154	757	169	767	default
(4)	172	757	183	767	default
1538N55	215	757	257	767	default
70.92	275	757	301	767	default
1538N15	314	757	357	767	default
59.64	375	757	401	767	default
1538N35	414	757	456	767	default
70.30	476	757	502	767	default
1538N75	515	757	557	767	default
66.96	575	757	601	767	default
1538N91	614	757	657	767	default
60.26	675	757	701	767	default
3/4	54	767	66	777	default
4	92	767	97	777	default
5/80	100	767	115	777	default
5/80	154	767	169	777	default
(4)	172	767	183	777	default
1538N56	215	767	257	777	default
72.46	275	767	301	777	default
1538N16	314	767	357	777	default
64.48	375	767	401	777	default
1538N36	414	767	456	777	default
74.16	476	767	502	777	default
1538N76	515	767	557	777	default
73.66	575	767	601	777	default
1538N92	614	767	657	777	default
71.92	675	767	701	777	default
1	45	777	51	786	default
4	92	777	97	786	default
7/80	100	776	115	787	default
5/80	154	776	169	787	default
(4)	172	777	183	786	default
1538N57	215	777	257	786	default
77.00	275	777	301	786	default
1538N17	314	777	357	786	default
69.56	375	777	401	786	default
1538N37	414	777	456	786	default
80.60	476	777	502	786	default
1538N77	515	777	557	786	default
77.38	575	777	601	786	default
1538N93	614	777	657	786	default
80.36	675	777	701	786	default
1	45	786	51	796	default
1/4	54	786	66	796	default
5	92	786	97	796	default
1/40	100	786	115	796	default
5/80	154	786	169	796	default
(4)	172	786	183	796	default
1538N58	215	786	257	796	default
153.76	269	786	301	796	default
1538N18	314	786	357	796	default
137.98	369	786	401	796	default
1538N38	414	786	456	796	default
143.62	470	786	502	796	default
1538N78	515	786	557	796	default
152.18	569	786	601	796	default
1538N94	614	786	657	796	default
155.35	669	786	701	796	default
1	45	796	51	806	default
1/2	54	796	66	806	default
6	92	796	97	806	default
1/80	100	796	115	806	default
3/40	154	796	169	806	default
(4)	172	796	183	806	default
1538N59	215	796	257	806	default
115.32	269	796	301	806	default
1538N19	314	796	357	806	default
101.56	369	796	401	806	default
1538N39	414	796	456	806	default
118.04	470	796	502	806	default
1538N79	515	796	557	806	default
111.10	569	796	601	806	default
1538N95	614	796	657	806	default
111.22	669	796	701	806	default
2	45	806	51	815	default
6	92	806	97	815	default
1/20	100	805	115	816	default
5/80	154	805	169	816	default
(8)	172	806	183	815	default
1538N61	215	806	257	816	default
123.88	269	806	301	815	default
1538N21	314	806	357	816	default
107.14	369	806	401	815	default
1538N41	414	806	456	816	default
130.58	470	806	502	815	default
1538N81	515	806	557	816	default
121.64	569	806	601	815	default
1538N96	614	806	657	816	default
125.74	669	806	701	815	default
2	45	815	51	825	default
1/2	54	815	66	825	default
7	92	815	97	825	default
1/20	100	815	115	826	default
3/40	154	815	169	826	default
(8)	172	815	183	825	default
1538N62	215	816	257	825	default
183.18	269	815	301	825	default
1538N22	314	816	357	825	default
175.85	369	815	401	825	default
1538N42	414	816	456	825	default
194.91	470	815	502	825	default
1538N82	515	816	557	825	default
205.16	569	815	601	825	default
1538N97	614	816	657	825	default
215.42	669	815	701	825	default
3	45	825	51	835	default
8	92	825	97	835	default
1/40	100	825	115	835	default
3/40	154	825	169	835	default
(8)	172	825	183	835	default
1538N63	215	825	257	835	default
191.75	269	825	301	835	default
1538N23	314	825	357	835	default
187.80	369	825	401	835	default
1538N43	414	825	456	835	default
221.85	470	825	502	835	default
1538N83	515	825	557	835	default
202.69	569	825	601	835	default
1538N98	614	825	657	835	default
207.07	669	825	701	835	default
4	45	835	51	845	default
103/40	89	835	115	845	default
7/80	154	835	169	845	default
(8)	172	835	183	845	default
1538N64	215	835	257	845	default
362.50	269	835	301	845	default
1538N24	314	835	357	845	default
326.43	369	835	401	845	default
1538N84	515	835	557	845	default
355.47	569	835	601	845	default
1538N99	614	835	657	845	default
376.65	669	835	701	845	default
316/316L	37	845	82	854	default
Stainless	85	845	130	854	default
Steel	133	845	158	854	default
1/2	54	854	66	864	default
3	92	854	97	864	default
3/40	100	854	115	865	default
1/20	154	854	169	865	default
(4)	172	854	183	864	default
1503N31	215	854	257	864	default
74.64	275	854	301	864	default
1503N11	314	854	357	864	default
65.48	375	854	401	864	default
1503N21	414	854	456	864	default
74.16	476	854	502	864	default
1503N41	515	854	557	864	default
73.66	575	854	601	864	default
1503N51	614	854	657	864	default
70.30	675	854	701	864	default
3/4	54	864	66	874	default
4	92	864	97	874	default
5/80	100	864	115	874	default
5/80	154	864	169	874	default
(4)	172	864	183	874	default
1503N32	215	864	257	874	default
83.82	275	864	301	874	default
1503N12	314	864	357	874	default
71.42	375	864	401	874	default
1503N22	414	864	456	874	default
78.98	476	864	502	874	default
1503N42	515	864	557	874	default
83.32	575	864	601	874	default
1503N52	614	864	657	874	default
76.38	675	864	701	874	default
1	45	874	51	884	default
4	92	874	97	884	default
7/80	100	874	115	884	default
5/80	154	874	169	884	default
(4)	172	874	183	884	default
1503N33	215	874	257	884	default
92.00	275	874	301	884	default
1503N13	314	874	357	884	default
78.98	375	874	401	884	default
1503N23	414	874	456	884	default
86.80	476	874	502	884	default
1503N43	515	874	557	884	default
90.28	575	874	601	884	default
1503N53	614	874	657	884	default
86.80	675	874	701	884	default
1	45	884	51	893	default
1/4	54	883	66	893	default
5	92	884	97	893	default
1/40	100	883	115	894	default
5/80	154	883	169	894	default
(4)	172	884	183	893	default
1503N34	215	884	257	893	default
159.73	269	884	301	893	default
1503N14	314	884	357	893	default
151.51	369	884	401	893	default
1503N24	414	884	456	893	default
152.18	470	884	502	893	default
1503N44	515	884	557	893	default
158.27	569	884	601	893	default
1503N54	614	884	657	893	default
163.45	669	884	701	893	default
1	45	893	51	903	default
1/2	54	893	66	903	default
6	92	893	97	903	default
1/80	100	893	115	903	default
3/40	154	893	169	903	default
(4)	172	893	183	903	default
1503N35	215	893	257	903	default
129.42	269	893	301	903	default
1503N15	314	893	357	903	default
108.44	369	893	401	903	default
1503N25	414	893	456	903	default
121.53	470	893	502	903	default
1503N45	515	893	557	903	default
133.92	569	893	601	903	default
1503N55	614	893	657	903	default
130.58	669	893	701	903	default
2	45	903	51	913	default
6	92	903	97	913	default
1/20	100	903	115	913	default
5/80	154	903	169	913	default
(8)	172	903	183	913	default
1503N36	215	903	257	913	default
139.22	269	903	301	913	default
1503N16	314	903	357	913	default
117.24	369	903	401	913	default
1503N26	414	903	456	913	default
147.89	470	903	502	913	default
1503N46	515	903	557	913	default
156.24	569	903	601	913	default
1503N56	614	903	657	913	default
140.62	669	903	701	913	default
2	45	913	51	922	default
1/2	54	913	66	922	default
7	92	913	97	922	default
1/20	100	912	115	923	default
3/40	154	912	169	923	default
(8)	172	913	183	922	default
1503N37	215	913	257	922	default
221.33	269	913	301	922	default
1503N17	314	913	357	922	default
167.92	369	913	401	922	default
1503N27	414	913	456	922	default
279.00	470	913	502	922	default
1503N47	515	913	557	922	default
197.47	569	913	601	922	default
1503N57	614	913	657	922	default
205.22	669	913	701	922	default
3	45	922	51	932	default
8	92	922	97	932	default
1/40	100	922	115	933	default
3/40	154	922	169	933	default
(8)	172	922	183	932	default
1503N38	215	922	257	932	default
223.20	269	922	301	932	default
1503N18	314	922	357	932	default
204.18	369	922	401	932	default
1503N28	414	922	456	932	default
295.53	470	922	502	932	default
1503N48	515	922	557	932	default
251.10	569	922	601	932	default
1503N58	614	922	657	932	default
245.93	669	922	701	932	default
4	45	932	51	942	default
103/40	89	932	115	942	default
7/80	154	932	169	942	default
(8)	172	932	183	942	default
1503N39	215	932	257	942	default
450.02	269	932	301	942	default
1503N19	314	932	357	942	default
448.47	369	932	401	942	default
1503N49	515	932	557	942	default
491.87	569	932	601	942	default
1503N59	614	932	657	942	default
460.35	669	932	701	942	default
Pipe	53	70	73	79	default
size	76	70	94	79	default
is	96	70	104	79	default
not	106	70	121	79	default
an	123	70	135	79	default
actual	137	70	165	79	default
measured	167	70	212	79	default
size,	215	70	235	79	default
but	238	70	253	79	default
rather	255	70	282	79	default
an	285	70	296	79	default
industry	298	70	335	79	default
designation	337	70	390	79	default
Align	396	70	418	79	default
your	421	70	441	79	default
pipe	443	70	463	79	default
or	466	70	475	79	default
fitting	477	70	503	79	default
with	505	70	524	79	default
the	527	70	541	79	default
“0”	544	70	558	79	default
line	561	70	576	79	default
The	582	70	599	79	default
line	601	70	617	79	default
on	619	70	631	79	default
the	633	70	648	79	default
opposite	650	70	690	79	default
edge	43	79	66	89	default
gives	69	79	93	89	default
the	96	79	110	89	default
pipe	113	79	134	89	default
size	137	79	155	89	default
You	160	79	178	89	default
can	181	79	198	89	default
also	201	79	220	89	default
measure	223	79	262	89	default
the	265	79	280	89	default
OD	283	79	298	89	default
of	301	79	310	89	default
your	313	79	333	89	default
pipe	336	79	356	89	default
and	359	79	377	89	default
butt-weld	380	79	424	89	default
fitting	427	79	453	89	default
or	456	79	465	89	default
the	468	79	483	89	default
ID	486	79	496	89	default
of	499	79	508	89	default
your	511	79	531	89	default
socket-connect	534	79	606	89	default
fitting	609	79	635	89	default
and	638	79	656	89	default
slip-on	659	79	690	89	default
weld	43	89	64	99	default
flange,	67	89	98	99	default
then	100	89	120	99	default
find	123	89	140	99	default
the	143	89	157	99	default
corresponding	160	89	226	99	default
pipe	229	89	249	99	default
size	251	89	269	99	default
in	271	89	280	99	default
the	282	89	297	99	default
chart	299	89	322	99	default
If	328	89	334	99	default
your	336	89	356	99	default
measurement	359	89	422	99	default
doesn’t	424	89	458	99	default
match	461	89	490	99	default
an	492	89	503	99	default
OD	506	89	521	99	default
or	524	89	533	99	default
ID	535	89	545	99	default
listed,	548	89	575	99	default
round	578	89	604	99	default
to	607	89	616	99	default
the	619	89	633	99	default
nearest	636	89	670	99	default
1/80	672	89	687	99	default
How	43	59	65	69	default
to	68	59	78	69	default
Measure	81	59	124	69	default
Pipe	127	59	149	69	default
Size	152	59	172	69	default
for	175	59	189	69	default
Unthreaded	192	59	250	69	default
Pipe	253	59	275	69	default
and	278	59	296	69	default
Fittings—Example	299	59	387	69	default
shows	390	59	420	69	default
pipe	423	59	443	69	default
size	446	59	464	69	default
3/8	467	59	478	69	default
To	58	184	69	194	default
measure	72	184	112	194	default
larger	115	184	141	194	default
pipe	144	184	164	194	default
sizes,	167	184	193	194	default
go	196	184	208	194	default
to	211	184	220	194	default
mcmaster	223	184	269	194	default
com	271	184	292	194	default
and	295	184	312	194	default
search	315	184	346	194	default
for	349	184	361	194	default
4347KAC	364	184	410	194	default
For	415	184	431	194	default
information	434	184	486	194	default
about	489	184	516	194	default
fittings	519	184	550	194	default
and	553	184	570	194	default
pipe,	573	184	596	194	default
see	599	184	616	194	default
pages	618	184	647	194	default
2-3	650	184	665	194	default
Pipe	394	157	415	167	default
Size:	418	157	442	167	default
ID:	428	169	442	179	default
Pipe	74	157	96	167	default
Size:	99	157	123	167	default
OD:	104	169	123	179	default
12	172	168	181	179	default
34	198	168	207	179	default
78	329	168	337	179	default
1	296	170	301	180	default
138	265	168	279	180	default
1	323	170	329	179	default
58	185	168	194	179	default
58	301	168	310	179	default
78	220	168	228	179	default
118	236	168	250	180	default
0	128	157	133	167	default
0	128	169	133	179	default
1	267	157	273	167	default
18	172	155	181	166	default
14	185	155	194	166	default
12	218	155	227	166	default
34	240	155	248	166	default
114	296	155	309	167	default
112	323	155	337	167	default
38	198	155	207	166	default
˝	336	168	339	179	default
˝	309	168	311	179	default
˝	278	168	280	179	default
˝	248	168	251	179	default
˝	226	168	229	179	default
˝	206	168	209	179	default
˝	193	168	196	179	default
˝	179	168	182	179	default
0	447	157	453	167	default
1	586	157	592	167	default
18	491	155	500	166	default
14	504	155	513	166	default
12	538	155	547	166	default
34	564	155	573	166	default
114	622	155	636	167	default
112	642	155	656	167	default
38	518	155	526	166	default
12	491	168	500	179	default
34	518	167	526	178	default
78	648	168	657	179	default
1	620	169	626	179	default
138	582	168	596	179	default
1	642	169	648	179	default
58	505	167	513	178	default
58	626	168	634	179	default
78	539	167	547	178	default
118	560	168	574	179	default
0	447	169	453	179	default
˝	655	167	658	178	default
˝	634	167	636	178	default
˝	594	167	597	178	default
˝	572	167	575	178	default
˝	546	167	549	178	default
˝	525	167	528	178	default
˝	512	167	515	178	default
˝	499	167	501	178	default
•	120	232	124	239	default
Use	127	230	145	240	default
with	148	230	166	240	default
air,	169	230	182	240	default
hydraulic	185	230	225	240	default
fluid,	228	230	250	240	default
natural	253	230	283	240	default
gas,	286	230	305	240	default
oil,	308	230	321	240	default
steam,	127	240	157	250	default
water	160	240	185	250	default
(unless	188	240	219	250	default
noted)	222	240	251	250	default
•	120	319	124	327	default
Fittings:	127	318	162	327	default
Use	165	318	183	327	default
butt-weld	186	318	229	327	default
Schedule	232	318	274	327	default
40	277	318	288	327	default
standard-wall	127	327	188	337	default
stainless	191	327	229	337	default
steel	232	327	253	337	default
(see	256	327	275	337	default
page	278	327	300	337	default
36)	303	327	317	337	default
##LTFigure##	38	234	103	268	default
##LTFigure##	39	316	103	349	default
##LTFigure##	523	402	573	451	default
##LTFigure##	637	402	686	450	default
##LTFigure##	438	401	488	451	default
##LTFigure##	342	402	389	449	default
##LTFigure##	238	402	289	450	default
##LTFigure##	128	103	205	147	default
##LTFigure##	440	95	532	146	default
