32	32	960	52	973	default
Stainless	72	29	167	48	default
Steel	173	29	227	48	default
Pipe	233	29	279	48	default
Fittings	286	29	364	48	default
(Continued	281	943	344	954	default
on	347	943	362	954	default
following	365	943	417	954	default
page)	420	943	452	954	default
Pipe	32	551	53	561	default
Size	32	561	52	570	default
Tees,	123	532	148	541	default
Female	117	541	153	551	default
Tees,	273	532	298	541	default
Male	273	541	297	551	default
Inline	411	532	438	541	default
Tees,	440	532	466	541	default
Female	381	541	418	551	default
@	418	543	426	551	default
Male	426	541	450	551	default
@	451	543	459	551	default
Female	459	541	495	551	default
Right-Angle	567	532	626	541	default
Tees,	629	532	654	541	default
Female	554	541	590	551	default
@	590	543	598	551	default
Female	599	541	635	551	default
@	635	543	643	551	default
Male	644	541	668	551	default
Max	65	551	85	561	default
psi	91	551	104	561	default
@	65	561	73	570	default
72°	76	561	92	570	default
F	93	561	99	570	default
Max	215	551	235	561	default
psi	241	551	254	561	default
@	215	561	223	570	default
72°	226	561	242	570	default
F	243	561	249	570	default
Max	365	551	385	561	default
psi	391	551	404	561	default
@	365	561	373	570	default
72°	376	561	392	570	default
F	393	561	399	570	default
Max	521	551	541	561	default
psi	547	551	560	561	default
@	521	561	529	570	default
72°	532	561	548	570	default
F	549	561	555	570	default
1/16	38	573	54	583	default
7,000	65	573	91	583	default
48805K171	109	573	163	583	default
$51.83	174	573	206	583	default
10,000	215	573	247	583	default
48805K123	259	573	313	583	default
$79.85	324	573	356	583	default
7,000	365	573	391	583	default
48805K191	412	573	466	583	default
$60.83	480	573	512	583	default
7,000	521	573	547	583	default
48805K145	606	573	659	583	default
$60.67	669	573	701	583	default
1/8	38	583	49	593	default
5,500	65	583	91	593	default
48805K97	109	583	157	593	default
31.81	180	583	206	593	default
9,700	221	583	247	593	default
48805K124	259	583	313	593	default
26.18	330	583	356	593	default
5,500	365	583	391	593	default
48805K192	412	583	466	593	default
36.18	486	583	512	593	default
5,500	521	583	547	593	default
48805K98	606	583	654	593	default
35.09	675	583	701	593	default
1/4	38	592	49	602	default
5,600	65	593	91	602	default
48805K471	109	593	163	602	default
34.73	180	593	206	602	default
8,000	221	593	247	602	default
48805K125	259	593	313	602	default
39.83	330	593	356	602	default
5,600	365	593	391	602	default
48805K193	412	593	466	602	default
37.99	486	593	512	602	default
5,600	521	593	547	602	default
48805K571	606	593	659	602	default
36.36	675	593	701	602	default
3/8	38	602	49	612	default
5,000	65	602	91	612	default
48805K49	109	602	157	612	default
65.27	180	602	206	612	default
7,600	221	602	247	612	default
48805K127	259	602	313	612	default
54.55	330	602	356	612	default
5,000	365	602	391	612	default
48805K194	412	602	466	612	default
69.64	486	602	512	612	default
5,000	521	602	547	612	default
48805K59	606	602	654	612	default
66.91	675	602	701	612	default
1/2	38	612	49	622	default
4,500	65	612	91	622	default
48805K511	109	612	163	622	default
84.00	180	612	206	622	default
6,200	221	612	247	622	default
48805K129	259	612	313	622	default
77.09	330	612	356	622	default
4,500	365	612	391	622	default
48805K195	412	612	466	622	default
90.36	486	612	512	622	default
4,500	521	612	547	622	default
48805K611	606	612	659	622	default
88.91	675	612	701	622	default
3/4	38	622	49	631	default
7,300	65	622	91	631	default
48805K737	109	622	163	632	default
76.97	180	622	206	631	default
1	32	631	38	641	default
5,300	65	631	91	641	default
48805K74	109	632	157	641	default
111.77	174	631	206	641	default
,	32	796	39	808	default
Plug	42	797	63	807	default
is	66	797	73	807	default
hollow	76	797	106	807	default
Pipe	32	707	53	717	default
Size	32	717	52	727	default
Crosses	115	697	156	707	default
Caps	273	697	298	707	default
Plugs	365	697	393	707	default
with	396	697	417	707	default
External	420	697	461	707	default
Hex	464	697	483	707	default
Drive	486	697	512	707	default
Plugs	560	697	587	707	default
with	590	697	611	707	default
Hex	614	697	633	707	default
Drive	636	697	662	707	default
Max	65	707	85	717	default
psi	91	707	104	717	default
@	65	717	73	727	default
72°	76	717	92	727	default
F	93	717	99	727	default
Max	215	707	235	717	default
psi	241	707	254	717	default
@	215	717	223	727	default
72°	226	717	242	727	default
F	243	717	249	727	default
Max	365	707	385	717	default
psi	391	707	404	717	default
@	365	717	373	727	default
72°	376	717	392	727	default
F	393	717	399	727	default
Max	521	707	541	717	default
psi	547	707	560	717	default
@	521	717	529	727	default
72°	532	717	548	727	default
F	549	717	555	727	default
Drive	573	707	597	717	default
Size	573	717	592	727	default
1/16	38	729	54	739	default
7,000	65	729	91	739	default
48805K147	109	729	163	739	default
$80.33	174	729	206	739	default
7,500	215	729	241	739	default
48805K148	259	729	313	739	default
$22.66	324	729	356	739	default
10,000	365	729	397	739	default
48805K149	412	729	466	739	default
,	468	728	475	740	default
$5.63	486	729	512	739	default
10,000	521	729	553	739	default
5/320	573	729	593	740	default
48805K221	606	729	659	739	default
$19.66	669	729	701	739	default
1/8	38	739	49	749	default
5,500	65	739	91	749	default
48805K62	109	739	157	749	default
46.00	180	739	206	749	default
6,400	215	739	241	749	default
48805K93	259	739	307	749	default
7.63	336	739	356	749	default
9,700	371	739	397	749	default
48805K94	412	739	460	749	default
6.37	492	739	512	749	default
9,100	527	739	553	749	default
3/160	573	739	593	749	default
48805K222	606	739	659	749	default
9.46	680	739	701	749	default
1/4	38	749	49	759	default
5,600	65	749	91	759	default
48805K631	109	749	163	759	default
60.00	180	749	206	759	default
6,600	215	749	241	759	default
48805K22	259	749	307	759	default
11.27	330	749	356	759	default
8,000	371	749	397	759	default
48805K28	412	749	460	759	default
7.27	492	749	512	759	default
7,500	527	749	553	759	default
1/40	573	749	588	759	default
48805K223	606	749	659	759	default
11.09	675	749	701	759	default
3/8	38	758	49	768	default
5,000	65	759	91	768	default
48805K65	109	759	157	768	default
86.55	180	759	206	768	default
5,300	215	759	241	768	default
48805K24	259	759	307	768	default
13.27	330	759	356	768	default
7,600	371	759	397	768	default
48805K32	412	759	460	768	default
9.82	492	759	512	768	default
7,200	527	759	553	768	default
5/160	573	758	593	769	default
48805K224	606	759	659	768	default
19.27	675	759	701	768	default
1/2	38	768	49	778	default
4,500	65	768	91	778	default
48805K671	109	768	163	778	default
106.73	174	768	206	778	default
5,200	215	768	241	778	default
48805K26	259	768	307	778	default
20.00	330	768	356	778	default
7,000	371	768	397	778	default
48805K341	412	768	466	778	default
,	468	767	475	779	default
13.64	486	768	512	778	default
3/4	38	778	49	788	default
4,600	65	778	91	788	default
48805K743	109	778	163	788	default
131.85	174	778	206	788	default
4,600	215	778	241	788	default
48805K725	259	778	313	788	default
19.07	330	778	356	788	default
7,300	371	778	397	788	default
48805K731	412	778	466	788	default
12.43	486	778	512	788	default
1	32	788	38	797	default
4,400	65	788	91	797	default
48805K746	109	788	163	797	default
208.40	174	788	206	797	default
4,400	215	788	241	797	default
48805K728	259	788	313	797	default
25.34	330	788	356	797	default
5,300	371	788	397	797	default
48805K734	412	788	466	797	default
20.82	486	788	512	797	default
NPT	32	288	53	298	default
Connectors,	56	288	117	298	default
Adapters,	120	288	168	298	default
Caps,	171	288	199	298	default
and	202	288	221	298	default
Plugs	223	288	251	298	default
Female	43	300	79	310	default
@	79	302	87	310	default
male	88	300	112	310	default
90°	115	300	130	310	default
elbows	134	300	169	310	default
are	172	300	187	310	default
also	190	300	209	310	default
known	212	300	243	310	default
as	246	300	257	310	default
street	260	300	286	310	default
elbows	289	300	322	310	default
Inline	328	300	355	310	default
tees	358	300	379	310	default
are	382	300	397	310	default
also	400	300	419	310	default
known	422	300	453	310	default
as	456	300	467	310	default
branch	470	300	502	310	default
tees	505	300	525	310	default
Right-angle	531	300	589	310	default
tees	592	300	613	310	default
are	616	300	631	310	default
also	634	300	653	310	default
known	656	300	687	310	default
as	690	300	701	310	default
run	32	310	47	320	default
tees	50	310	70	320	default
Plugs	76	310	103	320	default
with	106	310	127	320	default
external	130	310	170	320	default
hex	173	310	191	320	default
drive	194	310	218	320	default
are	221	310	236	320	default
solid,	238	310	263	320	default
unless	266	310	296	320	default
noted	299	310	326	320	default
Plugs	331	310	359	320	default
with	362	310	383	320	default
hex	386	310	404	320	default
drive	407	310	431	320	default
are	434	310	448	320	default
hollow	451	310	481	320	default
Pipe	32	388	53	397	default
Size	32	397	52	407	default
90°	87	378	103	388	default
Elbows,	106	378	145	388	default
Female	148	378	184	388	default
90°	243	378	259	388	default
Elbows,	262	378	301	388	default
Male	304	378	328	388	default
90°	374	378	389	388	default
Elbows,	392	378	431	388	default
Female	434	378	470	388	default
@	471	380	479	387	default
Male	479	378	503	388	default
45°	546	378	562	388	default
Elbows,	565	378	604	388	default
Female	606	378	643	388	default
@	643	380	651	387	default
Male	652	378	676	388	default
Max	65	388	85	397	default
psi	91	388	104	397	default
@	65	397	73	407	default
72°	76	397	92	407	default
F	93	397	99	407	default
Max	215	388	235	397	default
psi	241	388	254	397	default
@	215	397	223	407	default
72°	226	397	242	407	default
F	243	397	249	407	default
Max	365	388	385	397	default
psi	391	388	404	397	default
@	365	397	373	407	default
72°	376	397	392	407	default
F	393	397	399	407	default
Max	521	388	541	397	default
psi	547	388	560	397	default
@	521	397	529	407	default
72°	532	397	548	407	default
F	549	397	555	407	default
1/16	38	410	54	420	default
7,000	65	410	91	420	default
48805K121	109	410	163	420	default
$39.16	174	410	206	420	default
7,000	365	410	391	420	default
48805K122	412	410	466	420	default
$44.49	480	410	512	420	default
1/8	38	419	49	429	default
5,500	65	420	91	429	default
48805K92	109	420	157	429	default
24.37	180	420	206	429	default
9,100	215	420	241	429	default
48805K96	259	420	307	429	default
$20.18	324	420	356	429	default
5,500	365	420	391	429	default
48805K18	412	420	460	429	default
24.55	486	420	512	429	default
5,500	521	420	547	429	default
48805K182	606	420	659	429	default
$35.46	669	420	701	429	default
1/4	38	429	49	439	default
5,600	65	429	91	439	default
48805K351	109	429	163	439	default
27.82	180	429	206	439	default
7,500	215	429	241	439	default
48805K41	259	429	307	439	default
21.45	330	429	356	439	default
5,600	365	429	391	439	default
48805K172	412	429	466	439	default
27.09	486	429	512	439	default
5,600	521	429	547	439	default
48805K183	606	429	659	439	default
42.90	675	429	701	439	default
3/8	38	439	49	449	default
5,000	65	439	91	449	default
48805K37	109	439	157	449	default
39.09	180	439	206	449	default
7,200	215	439	241	449	default
48805K431	259	439	313	449	default
31.09	330	439	356	449	default
5,000	365	439	391	449	default
48805K19	412	439	460	449	default
38.91	486	439	512	449	default
5,000	521	439	547	449	default
48805K184	606	439	659	449	default
77.82	675	439	701	449	default
1/2	38	449	49	459	default
4,500	65	449	91	459	default
48805K391	109	449	163	459	default
63.64	180	449	206	459	default
5,800	215	449	241	459	default
48805K451	259	449	313	459	default
50.91	330	449	356	459	default
4,500	365	449	391	459	default
48805K211	412	449	466	459	default
65.27	486	449	512	459	default
4,500	521	449	547	459	default
48805K185	606	449	659	459	default
108.91	669	449	701	459	default
3/4	38	458	49	468	default
4,600	65	459	91	468	default
48805K713	109	459	163	468	default
60.54	180	459	206	468	default
4,600	365	459	391	468	default
48805K797	412	459	466	468	default
60.96	486	459	512	468	default
1	32	468	38	478	default
4,400	65	468	91	478	default
48805K716	109	468	163	478	default
82.24	180	468	206	478	default
4,400	365	468	391	478	default
48805K813	412	468	466	478	default
96.54	486	468	512	478	default
Made	271	233	298	243	default
to	302	233	311	243	default
tighter	314	233	345	243	default
tolerances	348	233	397	243	default
than	400	233	421	243	default
other	425	233	449	243	default
stainless	453	233	494	243	default
steel	497	233	519	243	default
pipe	523	233	543	243	default
fittings,	547	233	581	243	default
these	585	233	611	243	default
are	614	233	629	243	default
also	632	233	652	243	default
known	655	233	686	243	default
as	690	233	701	243	default
instrumentation	261	243	335	252	default
fittings	339	243	371	252	default
The	378	243	396	252	default
male	400	243	423	252	default
threads	427	243	463	252	default
are	467	243	482	252	default
rolled	486	243	512	252	default
for	516	243	529	252	default
extra	533	243	557	252	default
strength	562	243	600	252	default
in	605	243	613	252	default
extreme-pressure	617	243	701	252	default
applications	261	252	318	262	default
Fittings	325	252	360	262	default
are	364	252	379	262	default
commonly	383	252	433	262	default
used	437	252	460	262	default
to	464	252	473	262	default
connect	478	252	516	262	default
equipment	520	252	571	262	default
in	575	252	583	262	default
gas	587	252	604	262	default
lines	608	252	630	262	default
They	637	252	660	262	default
are	664	252	679	262	default
316	683	252	701	262	default
stainless	261	262	301	272	default
steel	304	262	326	272	default
for	328	262	341	272	default
excellent	343	262	385	272	default
corrosion	387	262	431	272	default
resistance	433	262	481	272	default
Meet	486	262	509	272	default
ANSI/ASME	512	262	568	272	default
B1.20.1,	571	262	609	272	default
ANSI/ASME	612	262	668	272	default
B31.1,	670	262	701	272	default
and	261	272	278	281	default
ANSI/ASME	281	272	337	281	default
B31.3	340	272	368	281	default
Precision	32	216	109	231	default
Extreme-Pressure	114	216	264	231	default
Stainless	269	216	344	231	default
Steel	349	216	391	231	default
Threaded	397	216	475	231	default
Pipe	480	216	516	231	default
Fittings	522	216	583	231	default
Pipe	32	849	53	859	default
Size	32	859	52	868	default
Straights,	242	839	290	849	default
Female	293	839	329	849	default
Straights,	379	839	426	849	default
Female	429	839	465	849	default
@	466	841	474	848	default
Male	474	839	498	849	default
Straights,	573	839	621	849	default
Male	624	839	648	849	default
Max	215	849	235	859	default
psi	241	849	254	859	default
@	215	859	223	868	default
72°	226	859	242	868	default
F	243	859	249	868	default
Max	365	849	385	859	default
psi	391	849	404	859	default
@	365	859	373	868	default
72°	376	859	392	868	default
F	393	859	399	868	default
Max	521	849	541	859	default
psi	547	849	560	859	default
@	521	859	529	868	default
72°	532	859	548	868	default
F	549	859	555	868	default
1/16	38	871	54	881	default
7,500	215	871	241	881	default
48805K151	259	871	313	881	default
$35.50	324	871	356	881	default
10,000	521	871	553	881	default
48805K161	606	871	659	881	default
$34.00	669	871	701	881	default
1/8	38	881	49	890	default
6,400	215	881	241	890	default
48805K72	259	881	307	891	default
11.64	330	881	356	890	default
6,400	365	881	391	890	default
48805K128	412	881	466	891	default
$9.63	486	881	512	890	default
9,100	527	881	553	890	default
48805K12	606	881	654	891	default
6.72	680	881	701	890	default
1/4	38	890	49	900	default
6,600	215	890	241	900	default
48805K69	259	891	307	900	default
14.91	330	890	356	900	default
6,600	365	890	391	900	default
48805K36	412	891	460	900	default
13.09	486	890	512	900	default
7,500	527	890	553	900	default
48805K11	606	891	654	900	default
8.37	680	890	701	900	default
3/8	38	900	49	910	default
5,300	215	900	241	910	default
48805K73	259	900	307	910	default
20.55	330	900	356	910	default
5,300	365	900	391	910	default
48805K42	412	900	460	910	default
17.64	486	900	512	910	default
7,200	527	900	553	910	default
48805K146	606	900	659	910	default
10.00	675	900	701	910	default
1/2	38	910	49	920	default
5,200	215	910	241	920	default
48805K79	259	910	307	920	default
29.64	330	910	356	920	default
5,200	365	910	391	920	default
48805K48	412	910	460	920	default
26.55	486	910	512	920	default
6,600	527	910	553	920	default
48805K152	606	910	659	920	default
14.91	675	910	701	920	default
3/4	38	919	49	929	default
4,600	215	920	241	929	default
48805K719	259	920	313	929	default
23.14	330	920	356	929	default
4,600	365	920	391	929	default
48805K855	412	920	466	929	default
20.57	486	920	512	929	default
1	32	929	38	939	default
4,400	215	929	241	939	default
48805K722	259	929	313	939	default
37.76	330	929	356	939	default
4,400	365	929	391	939	default
48805K867	412	929	466	939	default
55.22	486	929	512	939	default
Pipe	53	70	74	79	default
size	76	70	94	79	default
is	97	70	105	79	default
not	107	70	122	79	default
an	125	70	136	79	default
actual	139	70	167	79	default
measured	170	70	216	79	default
size,	218	70	239	79	default
but	242	70	257	79	default
rather	260	70	287	79	default
an	290	70	301	79	default
industry	304	70	341	79	default
designation	343	70	397	79	default
Align	403	70	426	79	default
your	429	70	449	79	default
pipe	452	70	472	79	default
or	475	70	484	79	default
fitting	487	70	513	79	default
with	515	70	535	79	default
the	537	70	552	79	default
“0”	554	70	569	79	default
line	572	70	588	79	default
as	590	70	601	79	default
shown	604	70	634	79	default
The	640	70	657	79	default
line	660	70	676	79	default
on	679	70	690	79	default
the	43	79	57	89	default
opposite	60	79	101	89	default
edge	103	79	127	89	default
gives	129	79	154	89	default
the	156	79	171	89	default
pipe	174	79	194	89	default
size	197	79	215	89	default
You	220	79	238	89	default
can	240	79	257	89	default
also	260	79	279	89	default
measure	282	79	322	89	default
the	324	79	339	89	default
OD	342	79	357	89	default
of	360	79	369	89	default
male	372	79	394	89	default
threads	397	79	431	89	default
or	434	79	444	89	default
the	446	79	461	89	default
ID	464	79	474	89	default
of	476	79	485	89	default
female	488	79	519	89	default
threads,	522	79	560	89	default
then	562	79	583	89	default
find	586	79	603	89	default
the	606	79	620	89	default
corresponding	623	79	690	89	default
pipe	43	89	63	99	default
size	66	89	84	99	default
in	87	89	95	99	default
the	98	89	112	99	default
chart	115	89	139	99	default
If	145	89	150	99	default
your	153	89	174	99	default
measurement	177	89	240	99	default
doesn’t	243	89	278	99	default
match	280	89	310	99	default
an	312	89	324	99	default
OD	327	89	342	99	default
or	345	89	354	99	default
ID	357	89	367	99	default
listed,	370	89	398	99	default
round	401	89	428	99	default
to	431	89	440	99	default
the	443	89	457	99	default
nearest	460	89	494	99	default
1/80	497	89	513	99	default
How	43	59	65	69	default
to	68	59	78	69	default
Measure	81	59	124	69	default
Pipe	127	59	149	69	default
Size	152	59	172	69	default
for	175	59	189	69	default
NPT	192	59	213	69	default
or	216	59	226	69	default
BSP	229	59	250	69	default
Threads—Example	253	59	344	69	default
shows	347	59	377	69	default
pipe	380	59	400	69	default
size	403	59	421	69	default
3/8	424	59	435	69	default
To	58	184	69	194	default
measure	72	184	112	194	default
larger	115	184	141	194	default
pipe	144	184	164	194	default
sizes,	167	184	193	194	default
go	196	184	208	194	default
to	211	184	220	194	default
mcmaster	223	184	269	194	default
com	271	184	292	194	default
and	295	184	312	194	default
search	315	184	346	194	default
for	349	184	361	194	default
4464KAC	364	184	410	194	default
For	415	184	431	194	default
information	434	184	486	194	default
about	489	184	516	194	default
fittings	519	184	550	194	default
and	553	184	570	194	default
pipe,	573	184	596	194	default
see	599	184	616	194	default
pages	618	184	647	194	default
2-3	650	184	665	194	default
Pipe	392	156	415	166	default
Size:ID:	418	156	442	178	default
0	447	168	453	178	default
1	543	168	548	178	default
38	480	166	488	177	default
1	465	166	469	173	default
4	470	170	474	177	default
12	493	166	502	177	default
34	521	166	530	177	default
34	634	166	644	177	default
1	604	168	609	178	default
114	566	166	580	178	default
1	629	168	635	178	default
58	507	166	516	177	default
58	609	166	618	177	default
˝	642	166	645	177	default
˝	617	166	619	177	default
˝	579	166	581	177	default
˝	529	166	531	177	default
˝	515	166	517	177	default
˝	500	166	503	177	default
˝	487	166	489	177	default
˝	472	166	475	177	default
˝	548	167	551	178	default
0	446	156	452	166	default
1	571	156	576	166	default
18	480	154	489	165	default
116	464	154	477	165	default
14	493	154	502	165	default
12	521	154	530	165	default
34	542	154	551	165	default
114	604	154	617	166	default
112	629	154	643	166	default
38	507	154	516	165	default
Pipe	73	156	95	166	default
Size:OD:	98	156	123	177	default
0	128	156	133	166	default
0	128	168	133	178	default
1	263	156	269	166	default
1	296	156	302	166	default
1	325	156	331	166	default
1	238	168	244	177	default
1838	168	155	177	177	default
1161	153	155	166	173	default
4	158	170	162	177	default
14	181	155	190	166	default
14	302	155	311	166	default
12	181	166	190	177	default
12	213	155	222	166	default
12	330	155	339	166	default
34	213	166	222	177	default
34	236	155	245	166	default
114	259	166	272	178	default
3858	195	155	204	177	default
˝	272	166	274	177	default
1	297	168	303	178	default
˝	221	166	223	177	default
34˝	330	166	341	177	default
˝	203	166	205	177	default
58˝	303	166	313	177	default
1	324	168	330	178	default
˝	188	166	191	177	default
˝	176	166	179	177	default
˝	161	166	164	177	default
˝	243	166	246	178	default
•	35	254	39	262	default
Maximum	43	252	88	262	default
Pressure:	91	252	135	262	default
See	138	252	156	262	default
table;	159	252	184	262	default
rated	43	262	67	272	default
for	70	262	82	272	default
steam	85	262	113	272	default
@	116	262	125	272	default
300°	128	262	149	272	default
F	150	262	156	272	default
(unless	159	262	192	272	default
noted)	195	262	224	272	default
•	35	234	39	242	default
Use	43	233	61	243	default
with	64	233	83	243	default
hydraulic	86	233	128	243	default
fluid,	131	233	153	243	default
liquid	156	233	181	243	default
nitrogen,	184	233	225	243	default
natural	43	243	74	252	default
gas,	77	243	97	252	default
steam,	100	243	131	252	default
and	134	243	152	252	default
water	154	243	180	252	default
(unless	183	243	216	252	default
noted)	219	243	248	252	default
##LTFigure##	254	483	326	525	default
##LTFigure##	411	487	470	528	default
##LTFigure##	579	490	650	528	default
##LTFigure##	107	490	174	528	default
##LTFigure##	592	659	631	684	default
##LTFigure##	419	659	470	685	default
##LTFigure##	269	658	312	684	default
##LTFigure##	112	645	163	697	default
##LTFigure##	590	327	624	372	default
##LTFigure##	412	330	463	372	default
##LTFigure##	111	333	160	374	default
##LTFigure##	264	326	315	370	default
##LTFigure##	588	810	634	832	default
##LTFigure##	420	809	470	835	default
##LTFigure##	265	806	316	837	default
##LTFigure##	438	104	522	141	default
##LTFigure##	130	104	201	145	default
