19	709	960	729	973	default
Stainless	395	29	489	48	default
Steel	496	29	549	48	default
Pipe	556	29	602	48	default
Flanges	608	29	689	48	default
High-Pressure	60	56	179	72	default
Stainless	184	56	259	72	default
Steel	264	56	306	72	default
Threaded	311	56	389	72	default
SAE	394	56	428	72	default
Pipe	433	56	470	72	default
Flanges	475	56	539	72	default
NPTF	60	177	88	186	default
Flanges	90	177	129	186	default
•	63	75	68	82	default
Use	71	73	89	83	default
with	92	73	111	83	default
hydraulic	114	73	156	83	default
fluid	159	73	179	83	default
Flange	369	193	400	202	default
O-Ring	545	193	580	202	default
Groove	583	193	619	202	default
Surface	563	202	601	212	default
Flat	653	202	671	212	default
Surface	674	202	713	212	default
Pipe	60	193	81	202	default
Size	60	202	80	212	default
SAE	154	193	174	202	default
Flange	177	193	208	202	default
Size	154	202	174	212	default
Max	245	193	265	202	default
psi	270	193	284	202	default
@	245	202	253	212	default
72°	256	202	272	212	default
F	273	202	279	212	default
Ht	335	202	346	212	default
Wd	402	202	418	212	default
For	469	193	484	202	default
Bolt	487	193	506	202	default
Dia	469	202	484	212	default
(No	490	202	506	212	default
)	509	202	512	212	default
For	60	215	77	225	default
Inch	80	215	101	225	default
Bolts	104	215	130	225	default
3/4	71	224	83	234	default
3/4	160	224	171	234	default
2,500	245	225	271	234	default
25/80	335	224	356	235	default
13/40	402	224	423	235	default
3/80	469	224	484	235	default
(4)	487	225	498	234	default
1723N15	536	225	578	234	default
$159.77	590	225	628	234	default
1723N11	637	225	679	234	default
$209.92	691	225	729	234	default
1	66	234	71	244	default
1	154	234	160	244	default
2,000	245	234	271	244	default
253/640	335	234	365	244	default
20	402	234	412	244	default
3/80	469	234	484	244	default
(4)	487	234	498	244	default
1723N16	536	234	578	244	default
156.13	596	234	628	244	default
1723N12	637	234	679	244	default
203.03	697	234	729	244	default
11/2	66	244	83	254	default
11/2	154	244	171	254	default
1,000	245	244	271	254	default
33/40	335	244	356	254	default
23/40	402	244	423	254	default
1/20	469	244	484	254	default
(4)	487	244	498	254	default
1723N17	536	244	578	254	default
209.15	596	244	628	254	default
1723N13	637	244	679	254	default
204.15	697	244	729	254	default
2	66	254	71	263	default
2	154	254	160	263	default
1,000	245	254	271	263	default
40	335	253	345	264	default
31/40	402	253	423	264	default
1/20	469	253	484	264	default
(4)	487	254	498	263	default
1723N18	536	254	578	263	default
218.00	596	254	628	263	default
1723N14	637	254	679	263	default
211.58	697	254	729	263	default
For	60	263	77	273	default
Metric	80	263	112	273	default
Bolts	114	263	140	273	default
3/4	71	273	83	283	default
3/4	160	273	171	283	default
2,500	245	273	271	283	default
67	341	273	353	283	default
mm	355	273	373	283	default
44	402	273	414	283	default
mm	416	273	434	283	default
10	469	273	480	283	default
mm	483	273	501	283	default
(4)	504	273	515	283	default
1723N19	536	273	578	283	default
159.77	596	273	628	283	default
1	66	283	71	293	default
1	154	283	160	293	default
2,000	245	283	271	293	default
72	341	283	353	293	default
mm	355	283	373	293	default
51	402	283	414	293	default
mm	416	283	434	293	default
10	469	283	480	293	default
mm	483	283	501	293	default
(4)	504	283	515	293	default
1723N21	536	283	578	293	default
156.13	596	283	628	293	default
11/2	66	292	83	302	default
11/2	154	292	171	302	default
1,000	245	293	271	302	default
95	341	293	353	302	default
mm	355	293	373	302	default
70	402	293	414	302	default
mm	416	293	434	302	default
12	469	293	480	302	default
mm	483	293	501	302	default
(4)	504	293	515	302	default
1723N22	536	293	578	302	default
209.15	596	293	628	302	default
2	66	302	71	312	default
2	154	302	160	312	default
1,000	245	302	271	312	default
102	335	302	353	312	default
mm	355	302	373	312	default
83	402	302	414	312	default
mm	416	302	434	312	default
12	469	302	480	312	default
mm	483	302	501	312	default
(4)	504	302	515	312	default
1723N23	536	302	578	312	default
218.00	596	302	628	312	default
•	64	84	68	92	default
Maximum	71	83	117	93	default
Pressure:	120	83	163	93	default
See	71	93	89	102	default
table	92	93	115	102	default
Also	202	73	222	83	default
known	224	73	255	83	default
as	258	73	269	83	default
Code	271	73	296	83	default
61	299	73	311	83	default
SAE	313	73	333	83	default
hydraulic	336	73	378	83	default
flanges,	380	73	417	83	default
these	419	73	445	83	default
machined	447	73	493	83	default
flanges	496	73	529	83	default
let	532	73	543	83	default
you	546	73	562	83	default
create	191	83	220	93	default
an	223	83	234	93	default
access	237	83	270	93	default
point	273	83	296	93	default
in	299	83	307	93	default
a	310	83	315	93	default
high-pressure	318	83	382	93	default
hydraulic	385	83	427	93	default
line	430	83	446	93	default
To	452	83	462	93	default
connect,	465	83	506	93	default
bolt	508	83	526	93	default
flanges	529	83	562	93	default
to	191	93	201	102	default
equipment,	204	93	257	102	default
or	260	93	270	102	default
bolt	273	93	291	102	default
a	294	93	300	102	default
flange	303	93	332	102	default
with	335	93	355	102	default
an	358	93	370	102	default
O-ring	373	93	403	102	default
groove	406	93	439	102	default
surface	442	93	477	102	default
to	480	93	490	102	default
a	493	93	499	102	default
flange	502	93	531	102	default
with	534	93	554	102	default
a	557	93	562	102	default
flat	191	102	206	112	default
surface	209	102	243	112	default
of	247	102	256	112	default
the	259	102	274	112	default
same	277	102	302	112	default
size	306	102	324	112	default
Flanges	330	102	367	112	default
are	370	102	385	112	default
316/316L	388	102	432	112	default
stainless	435	102	476	112	default
steel	479	102	502	112	default
for	505	102	517	112	default
excellent	521	102	562	112	default
corrosion	191	112	235	122	default
resistance	238	112	285	122	default
They	291	112	313	122	default
meet	316	112	339	122	default
SAE	342	112	362	122	default
J518	365	112	388	122	default
and	391	112	408	122	default
ISO	411	112	428	122	default
6162	431	112	454	122	default
Flanges	202	122	239	131	default
with	242	122	262	131	default
O-ring	265	122	297	131	default
groove	301	122	336	131	default
surface	339	122	377	131	default
come	381	122	407	131	default
with	411	122	430	131	default
mounting	434	122	479	131	default
hardware	482	122	526	131	default
O-ring	532	122	562	131	default
is	191	131	199	141	default
fluoroelastomer	202	131	274	141	default
Flanges	279	131	315	141	default
with	318	131	337	141	default
flat	340	131	356	141	default
surface	359	131	396	141	default
do	399	131	411	141	default
not	414	131	429	141	default
include	432	131	465	141	default
mounting	468	131	512	141	default
hardware	515	131	558	141	default
NPTF	202	141	229	151	default
(Dryseal)	234	141	275	151	default
threads	279	141	315	151	default
are	319	141	334	151	default
compatible	339	141	392	151	default
with	396	141	416	151	default
NPT	421	141	441	151	default
threads	446	141	481	151	default
UN/UNF	489	141	531	151	default
(SAE)	535	141	562	151	default
threads	191	151	226	161	default
are	229	151	243	161	default
also	246	151	265	161	default
known	268	151	299	161	default
as	302	151	313	161	default
O-ring	316	151	345	161	default
boss	348	151	370	161	default
threads	373	151	408	161	default
High-Pressure	61	509	179	524	default
Stainless	184	509	259	524	default
Steel	265	509	307	524	default
Threaded	312	509	390	524	default
SAE	395	509	429	524	default
Two-Piece	434	509	519	524	default
Pipe	524	509	561	524	default
Flanges	566	509	630	524	default
Flange	683	526	711	534	default
Flange	690	599	718	607	default
O-Ring	700	559	730	568	default
Adapter	602	562	635	570	default
Flange	369	682	400	692	default
Two-Piece	536	672	587	682	default
Flanges	589	672	628	682	default
with	553	682	573	692	default
O-Ring	576	682	611	692	default
Groove	544	692	579	701	default
Surface	582	692	620	701	default
Adapters	660	692	705	701	default
Pipe	60	682	81	692	default
Size	60	692	80	701	default
SAE	154	682	174	692	default
Flange	177	682	208	692	default
Size	154	692	174	701	default
Max	245	682	265	692	default
psi	270	682	284	692	default
@	245	692	253	701	default
72°	256	692	272	701	default
F	273	692	279	701	default
Ht	335	692	346	701	default
Wd	402	692	418	701	default
For	469	682	484	692	default
Bolt	487	682	506	692	default
Dia	469	692	484	701	default
(No	490	692	506	701	default
)	509	692	512	701	default
For	60	704	77	714	default
Inch	80	704	101	714	default
Bolts	104	704	130	714	default
3/4	71	714	83	724	default
3/4	160	714	171	724	default
5,000	245	714	271	724	default
29/160	335	714	361	724	default
21/160	402	714	428	724	default
3/80	469	714	484	724	default
(4)	487	714	498	724	default
1723N37	536	714	578	724	default
$86.27	596	714	628	724	default
1723N51	637	714	679	724	default
$118.65	691	714	729	724	default
1	66	724	71	734	default
1	154	724	160	734	default
4,600	245	724	271	734	default
23/40	335	724	356	734	default
25/160	402	724	428	734	default
3/80	469	724	484	734	default
(4)	487	724	498	734	default
1723N38	536	724	578	734	default
89.54	602	724	628	734	default
1723N52	637	724	679	734	default
122.60	697	724	729	734	default
11/2	66	733	83	743	default
11/2	154	733	171	743	default
3,000	245	734	271	743	default
311/160	335	733	365	744	default
31/40	402	733	423	744	default
1/20	469	733	484	744	default
(4)	487	734	498	743	default
1723N39	536	734	578	743	default
122.08	596	734	628	743	default
1723N53	637	734	679	743	default
158.87	697	734	729	743	default
2	66	743	71	753	default
2	154	743	160	753	default
3,000	245	743	271	753	default
40	335	743	345	753	default
313/160	402	743	432	753	default
1/20	469	743	484	753	default
(4)	487	743	498	753	default
1723N41	536	743	578	753	default
127.37	596	743	628	753	default
1723N54	637	743	679	753	default
184.21	697	743	729	753	default
NPTF	60	659	88	669	default
Flanges	90	659	129	669	default
•	63	527	68	535	default
Use	71	526	89	535	default
with	92	526	111	535	default
hydraulic	114	526	156	535	default
fluid	159	526	179	535	default
Combine	202	526	244	535	default
a	247	526	253	535	default
two-piece	256	526	303	535	default
pipe	306	526	327	535	default
flange	330	526	358	535	default
with	362	526	381	535	default
an	384	526	396	535	default
adapter	399	526	435	535	default
(sold	438	526	461	535	default
separately)	464	526	515	535	default
to	518	526	527	535	default
build	531	526	554	535	default
a	557	526	562	535	default
customized	191	535	245	545	default
flange	248	535	276	545	default
connection	279	535	330	545	default
Also	336	535	356	545	default
known	359	535	390	545	default
as	393	535	404	545	default
Code	407	535	432	545	default
61	435	535	446	545	default
or	449	535	459	545	default
Code	461	535	487	545	default
62	489	535	501	545	default
split	504	535	523	545	default
flanges,	526	535	562	545	default
the	191	545	206	555	default
two	209	545	226	555	default
halves	229	545	258	555	default
of	261	545	270	555	default
the	273	545	288	555	default
flange	291	545	319	555	default
clamp	322	545	351	555	default
around	354	545	386	555	default
the	389	545	404	555	default
adapter	407	545	443	555	default
and	445	545	463	555	default
bolt	466	545	484	555	default
to	487	545	496	555	default
another	499	545	534	555	default
Code	537	545	562	555	default
61	191	555	203	564	default
or	206	555	216	564	default
Code	219	555	244	564	default
62	248	555	259	564	default
flange	262	555	291	564	default
Flanges	297	555	334	564	default
are	337	555	352	564	default
forged	355	555	385	564	default
and	389	555	406	564	default
adapters	410	555	451	564	default
are	454	555	469	564	default
machined;	472	555	521	564	default
they	524	555	545	564	default
are	548	555	562	564	default
316/316L	191	564	236	574	default
stainless	241	564	282	574	default
steel	287	564	309	574	default
which	314	564	342	574	default
has	346	564	363	574	default
excellent	368	564	410	574	default
corrosion	415	564	459	574	default
resistance	464	564	512	574	default
O-ring	520	564	550	574	default
is	555	564	562	574	default
fluoroelastomer	191	574	262	584	default
All	267	574	278	584	default
meet	280	574	303	584	default
ISO	306	574	323	584	default
6162	325	574	348	584	default
and	351	574	368	584	default
SAE	370	574	390	584	default
J518	392	574	415	584	default
Mounting	420	574	463	584	default
hardware	466	574	508	584	default
is	511	574	518	584	default
included	521	574	560	584	default
NPTF	202	584	229	594	default
(Dryseal)	231	584	271	594	default
threads	274	584	309	594	default
are	311	584	326	594	default
female;	328	584	362	594	default
they	365	584	384	594	default
are	387	584	401	594	default
compatible	404	584	456	594	default
with	458	584	478	594	default
NPT	480	584	500	594	default
threads	503	584	538	594	default
UN/	543	584	562	594	default
UNF	191	594	213	603	default
(SAE)	216	594	243	603	default
threads	246	594	281	603	default
are	284	594	298	603	default
male	301	594	324	603	default
They	330	594	352	603	default
are	356	594	370	603	default
also	373	594	392	603	default
known	395	594	426	603	default
as	429	594	440	603	default
O-ring	443	594	473	603	default
boss	476	594	499	603	default
threads;	502	594	539	603	default
they	543	594	562	603	default
have	191	603	213	613	default
a	216	603	222	613	default
fluorelastomer	225	603	291	613	default
gasket	294	603	325	613	default
to	328	603	337	613	default
prevent	340	603	375	613	default
leaks	378	603	402	613	default
•	64	537	68	545	default
Maximum	72	535	117	545	default
Pressure:	120	535	164	545	default
See	72	545	89	555	default
table	92	545	115	555	default
For	60	753	77	763	default
Metric	80	753	112	763	default
Bolts	115	753	140	763	default
3/4	71	763	83	772	default
3/4	160	763	171	772	default
5,000	245	763	271	772	default
65	341	763	353	772	default
mm	355	763	373	772	default
52	402	763	414	772	default
mm	416	763	434	772	default
10	469	763	480	772	default
mm	483	763	501	772	default
(4)	504	763	515	772	default
1723N42	536	763	578	772	default
86.27	602	763	628	772	default
1723N51	637	763	679	772	default
118.65	697	763	729	772	default
1	66	772	71	782	default
1	154	772	160	782	default
4,600	245	772	271	782	default
70	341	772	353	782	default
mm	355	772	373	782	default
59	402	772	414	782	default
mm	416	772	434	782	default
10	469	772	480	782	default
mm	483	772	501	782	default
(4)	504	772	515	782	default
1723N43	536	772	578	782	default
89.54	602	772	628	782	default
1723N52	637	772	679	782	default
122.60	697	772	729	782	default
11/2	66	782	83	792	default
11/2	154	782	171	792	default
3,000	245	782	271	792	default
94	341	782	353	792	default
mm	355	782	373	792	default
83	402	782	414	792	default
mm	416	782	434	792	default
12	469	782	480	792	default
mm	483	782	501	792	default
(4)	504	782	515	792	default
1723N44	536	782	578	792	default
122.08	596	782	628	792	default
1723N53	637	782	679	792	default
158.87	697	782	729	792	default
2	66	792	71	802	default
2	154	792	160	802	default
3,000	245	792	271	802	default
102	335	792	353	802	default
mm	355	792	373	802	default
97	402	792	414	802	default
mm	416	792	434	802	default
12	469	792	480	802	default
mm	483	792	501	802	default
(4)	504	792	515	802	default
1723N45	536	792	578	802	default
127.37	596	792	628	802	default
1723N54	637	792	679	802	default
184.21	697	792	729	802	default
Flange	369	834	400	843	default
Two-Piece	536	824	587	834	default
Flanges	589	824	628	834	default
with	553	834	573	843	default
O-Ring	576	834	611	843	default
Groove	544	843	579	853	default
Surface	582	843	620	853	default
Adapters	660	843	705	853	default
Thread	60	834	93	843	default
Size	60	843	80	853	default
SAE	154	834	174	843	default
Flange	177	834	208	843	default
Size	154	843	174	853	default
Max	245	834	265	843	default
psi	270	834	284	843	default
@	245	843	253	853	default
72°	256	843	272	853	default
F	273	843	279	853	default
Ht	335	843	346	853	default
Wd	402	843	418	853	default
For	469	834	484	843	default
Bolt	487	834	506	843	default
Dia	469	843	484	853	default
(No	490	843	506	853	default
)	509	843	512	853	default
For	60	856	77	866	default
Inch	80	856	101	866	default
Bolts	104	856	130	866	default
11/160-12	66	865	107	876	default
3/4	160	865	171	875	default
5,000	245	865	271	875	default
29/160	335	865	361	876	default
21/160	402	865	428	876	default
3/80	469	865	484	876	default
(4)	487	865	498	875	default
1723N37	536	866	578	875	default
$86.27	596	865	628	875	default
1723N46	637	866	679	875	default
$108.50	691	865	729	875	default
15/160-12	66	875	107	885	default
1	154	875	160	885	default
4,600	245	875	271	885	default
23/40	335	875	356	885	default
25/160	402	875	428	885	default
3/80	469	875	484	885	default
(4)	487	875	498	885	default
1723N38	536	875	578	885	default
89.54	602	875	628	885	default
1723N47	637	875	679	885	default
113.50	697	875	729	885	default
17/80-12	66	885	102	895	default
11/2	154	885	171	895	default
3,000	245	885	271	895	default
311/160	335	885	365	895	default
31/40	402	885	423	895	default
1/20	469	885	484	895	default
(4)	487	885	498	895	default
1723N39	536	885	578	895	default
122.08	596	885	628	895	default
1723N48	637	885	679	895	default
152.40	697	885	729	895	default
21/20-12	66	894	102	905	default
2	154	895	160	904	default
3,000	245	895	271	904	default
40	335	894	345	905	default
313/160	402	894	432	905	default
1/20	469	894	484	905	default
(4)	487	895	498	904	default
1723N41	536	895	578	904	default
127.37	596	895	628	904	default
1723N49	637	895	679	904	default
195.90	697	895	729	904	default
UN/UNF	60	811	101	820	default
(SAE)	104	811	131	820	default
Flanges	134	811	173	820	default
For	60	904	77	914	default
Metric	80	904	112	914	default
Bolts	114	904	140	914	default
11/160-12	66	914	107	924	default
3/4	160	914	171	924	default
5,000	245	914	271	924	default
65	341	914	353	924	default
mm	355	914	373	924	default
52	402	914	414	924	default
mm	416	914	434	924	default
10	469	914	480	924	default
mm	483	914	501	924	default
(4)	504	914	515	924	default
1723N42	536	914	578	924	default
86.27	602	914	628	924	default
1723N46	637	914	679	924	default
108.50	697	914	729	924	default
15/160-12	66	924	107	934	default
1	154	924	160	934	default
4,600	245	924	271	934	default
70	341	924	353	934	default
mm	355	924	373	934	default
59	402	924	414	934	default
mm	416	924	434	934	default
10	469	924	480	934	default
mm	483	924	501	934	default
(4)	504	924	515	934	default
1723N43	536	924	578	934	default
89.54	602	924	628	934	default
1723N47	637	924	679	934	default
113.50	697	924	729	934	default
17/80-12	66	933	102	944	default
11/2	154	933	171	943	default
3,000	245	934	271	943	default
94	341	934	353	943	default
mm	355	934	373	943	default
83	402	934	414	943	default
mm	416	934	434	943	default
12	469	934	480	943	default
mm	483	934	501	943	default
(4)	504	934	515	943	default
1723N44	536	934	578	943	default
122.08	596	934	628	943	default
1723N48	637	934	679	943	default
152.40	697	934	729	943	default
21/20-12	66	943	102	953	default
2	154	943	160	953	default
3,000	245	943	271	953	default
102	335	943	353	953	default
mm	355	943	373	953	default
97	402	943	414	953	default
mm	416	943	434	953	default
12	469	943	480	953	default
mm	483	943	501	953	default
(4)	504	943	515	953	default
1723N45	536	943	578	953	default
127.37	596	943	628	953	default
1723N49	637	943	679	953	default
195.90	697	943	729	953	default
UN/UNF	60	324	101	334	default
(SAE)	104	324	131	334	default
Flanges	134	324	173	334	default
Flange	369	340	400	350	default
O-Ring	545	340	580	350	default
Groove	583	340	619	350	default
Surface	563	350	601	359	default
Flat	653	350	671	359	default
Surface	674	350	713	359	default
Thread	60	340	93	350	default
Size	60	350	80	359	default
SAE	154	340	174	350	default
Flange	177	340	208	350	default
Size	154	350	174	359	default
Max	245	340	265	350	default
psi	270	340	284	350	default
@	245	350	253	359	default
72°	256	350	272	359	default
F	273	350	279	359	default
Ht	335	350	346	359	default
Wd	402	350	418	359	default
For	469	340	484	350	default
Bolt	487	340	506	350	default
Dia	469	350	484	359	default
(No	490	350	506	359	default
)	509	350	512	359	default
For	60	362	77	372	default
Inch	80	362	101	372	default
Bolts	104	362	130	372	default
11/160-12	66	372	107	382	default
3/4	160	372	171	382	default
6,000	245	372	271	382	default
25/80	335	372	356	382	default
13/40	402	372	423	382	default
3/80	469	372	484	382	default
(4)	487	372	498	382	default
1723N28	536	372	578	382	default
$133.33	590	372	628	382	default
1723N24	637	372	679	382	default
$162.87	691	372	729	382	default
15/160-12	66	381	107	392	default
1	154	382	160	391	default
6,000	245	382	271	391	default
253/640	335	381	365	392	default
20	402	381	412	392	default
3/80	469	381	484	392	default
(4)	487	382	498	391	default
1723N29	536	382	578	391	default
159.11	596	382	628	391	default
1723N25	637	382	679	391	default
168.43	697	382	729	391	default
17/80-12	66	391	102	401	default
11/2	154	391	171	401	default
4,000	245	391	271	401	default
33/40	335	391	356	401	default
23/40	402	391	423	401	default
1/20	469	391	484	401	default
(4)	487	391	498	401	default
1723N31	536	391	578	401	default
211.86	596	391	628	401	default
1723N26	637	391	679	401	default
207.16	697	391	729	401	default
21/20-12	66	401	102	411	default
2	154	401	160	411	default
3,000	245	401	271	411	default
40	335	401	345	411	default
31/40	402	401	423	411	default
1/20	469	401	484	411	default
(4)	487	401	498	411	default
1723N32	536	401	578	411	default
228.83	596	401	628	411	default
1723N27	637	401	679	411	default
224.90	697	401	729	411	default
For	60	411	77	421	default
Metric	80	411	112	421	default
Bolts	114	411	140	421	default
11/160-12	66	420	107	431	default
3/4	160	420	171	430	default
6,000	245	420	271	430	default
67	341	420	353	430	default
mm	355	420	373	430	default
44	402	420	414	430	default
mm	416	420	434	430	default
10	469	420	480	430	default
mm	483	420	501	430	default
(4)	504	420	515	430	default
1723N33	536	421	578	430	default
133.33	596	420	628	430	default
15/160-12	66	430	107	440	default
1	154	430	160	440	default
6,000	245	430	271	440	default
72	341	430	353	440	default
mm	355	430	373	440	default
51	402	430	414	440	default
mm	416	430	434	440	default
10	469	430	480	440	default
mm	483	430	501	440	default
(4)	504	430	515	440	default
1723N34	536	430	578	440	default
159.11	596	430	628	440	default
17/80-12	66	440	102	450	default
11/2	154	440	171	450	default
4,000	245	440	271	450	default
95	341	440	353	450	default
mm	355	440	373	450	default
70	402	440	414	450	default
mm	416	440	434	450	default
12	469	440	480	450	default
mm	483	440	501	450	default
(4)	504	440	515	450	default
1723N35	536	440	578	450	default
211.86	596	440	628	450	default
21/20-12	66	449	102	460	default
2	154	450	160	459	default
3,000	245	450	271	459	default
102	335	450	353	459	default
mm	355	450	373	459	default
83	402	450	414	459	default
mm	416	450	434	459	default
12	469	450	480	459	default
mm	483	450	501	459	default
(4)	504	450	515	459	default
1723N36	536	450	578	459	default
228.83	596	450	628	459	default
Flat	673	149	688	158	default
Surface	664	158	697	166	default
O-Ring	575	149	605	158	default
Groove	608	149	638	158	default
Surface	590	158	623	166	default
Two-Piece	616	633	661	641	default
Flange	663	633	692	641	default
and	694	633	710	641	default
UN/UNF	615	641	650	649	default
(SAE)	652	641	675	649	default
Adapter	678	641	712	649	default
##LTFigure##	624	533	706	628	default
##LTFigure##	578	73	656	146	default
##LTFigure##	656	73	736	147	default
