17	709	960	729	973	default
Stainless	397	29	492	48	default
Steel	498	29	551	48	default
Pipe	558	29	604	48	default
Fittings	610	29	689	48	default
(Continued)	617	60	683	71	default
Pipe	60	210	81	220	default
Size	60	220	80	229	default
Thread	101	210	133	220	default
Size	101	220	120	229	default
1/16	60	232	76	242	default
10-32	101	232	128	242	default
.2684K46	155	232	201	242	default
$15.00	216	232	248	242	default
1/16	60	242	76	252	default
1/40-28	101	242	131	252	default
2684K469	158	242	206	252	default
15.00	222	242	248	252	default
1/16	60	251	76	261	default
7/160-20	101	251	136	262	default
2684K52	158	252	201	261	default
22.25	222	252	248	261	default
1/16	60	261	76	271	default
9/160-18	101	261	136	271	default
2684K511	158	261	206	271	default
22.25	222	261	248	271	default
Pipe	265	210	286	220	default
Size	265	220	285	229	default
Thread	305	210	338	220	default
Size	305	220	325	229	default
1/8	265	232	277	242	default
10-32	305	232	333	242	default
.2684K18	360	232	406	242	default
$15.00	421	232	453	242	default
1/8	265	242	277	252	default
1/40-28	305	242	336	252	default
2684K522	363	242	411	252	default
15.00	427	242	453	252	default
1/8	265	251	277	261	default
7/160-20	305	251	341	262	default
2684K566	363	252	411	261	default
22.25	427	252	453	261	default
1/8	265	261	277	271	default
9/160-18	305	261	341	271	default
2684K565	363	261	411	271	default
22.25	427	261	453	271	default
Pipe	470	210	491	220	default
Size	470	220	490	229	default
Thread	510	210	543	220	default
Size	510	220	530	229	default
1/4	470	232	482	242	default
10-32	510	232	538	242	default
.2684K576	565	232	616	242	default
$17.25	626	232	658	242	default
1/4	470	242	482	252	default
1/40-28	510	242	541	252	default
2684K577	568	242	616	252	default
17.25	632	242	658	252	default
1/4	470	251	482	261	default
7/160-20	510	251	546	262	default
2684K635	568	252	616	261	default
27.25	632	252	658	261	default
1/4	470	261	482	271	default
9/160-18	510	261	546	271	default
2684K62	568	261	611	271	default
27.25	632	261	658	271	default
NPT	309	199	330	209	default
@	330	201	338	208	default
UN/UNF	339	199	380	209	default
(SAE)	382	199	409	209	default
Thread	60	181	95	191	default
Adapters,	98	181	146	191	default
Female	149	181	185	191	default
@	185	183	193	191	default
Male—90°	194	181	244	191	default
Elbows	247	181	281	191	default
Pipe	60	290	81	300	default
Size	60	300	80	310	default
Thread	101	290	133	300	default
Size	101	300	120	310	default
1/16	60	313	76	322	default
M3	101	313	115	322	default
2	116	314	124	322	default
0.5	124	313	139	322	default
2684K479	158	313	206	322	default
$17.25	216	313	248	322	default
1/16	60	322	76	332	default
M5	101	322	115	332	default
2	116	324	124	332	default
0.5	124	322	139	332	default
2684K483	158	322	206	332	default
15.00	222	322	248	332	default
1/16	60	332	76	342	default
M6	101	332	115	342	default
2	116	334	124	342	default
1	124	332	130	342	default
2684K494	158	332	206	342	default
15.00	222	332	248	342	default
1/16	60	342	76	352	default
M8	101	342	115	352	default
2	116	344	124	351	default
1	124	342	130	352	default
2684K495	158	342	206	352	default
15.00	222	342	248	352	default
1/16	60	351	76	361	default
M10	101	352	121	361	default
2	121	353	130	361	default
1.25	130	352	150	361	default
2684K505	158	352	206	361	default
17.25	222	352	248	361	default
Pipe	265	290	286	300	default
Size	265	300	285	310	default
Thread	305	290	338	300	default
Size	305	300	325	310	default
1/8	265	313	277	322	default
M3	305	313	320	322	default
2	321	314	329	322	default
0.5	329	313	344	322	default
2684K532	363	313	411	322	default
$17.25	421	313	453	322	default
1/8	265	322	277	332	default
M5	305	322	320	332	default
2	321	324	329	332	default
0.8	329	322	344	332	default
2684K23	363	322	406	332	default
15.00	427	322	453	332	default
1/8	265	332	277	342	default
M6	305	332	320	342	default
2	321	334	329	342	default
1	329	332	335	342	default
2684K534	363	332	411	342	default
15.00	427	332	453	342	default
1/8	265	342	277	352	default
M8	305	342	320	352	default
2	321	344	329	351	default
1	329	342	335	352	default
2684K24	363	342	406	352	default
15.00	427	342	453	352	default
1/8	265	351	277	361	default
M10	305	352	326	361	default
2	326	353	335	361	default
1.25	335	352	355	361	default
2684K562	363	352	411	361	default
17.25	427	352	453	361	default
Pipe	470	290	491	300	default
Size	470	300	490	310	default
Thread	510	290	543	300	default
Size	510	300	530	310	default
1/4	470	313	482	323	default
M3	510	313	525	323	default
2	526	315	534	322	default
0.5	534	313	549	323	default
2684K592	568	313	616	323	default
$24.75	626	313	658	323	default
1/4	470	322	482	332	default
M5	510	323	525	332	default
2	526	324	534	332	default
0.5	534	323	549	332	default
2684K596	568	323	616	332	default
17.25	632	323	658	332	default
1/4	470	332	482	342	default
M6	510	332	525	342	default
2	526	334	534	342	default
1	534	332	540	342	default
2684K6	568	332	605	342	default
17.25	632	332	658	342	default
1/4	470	342	482	352	default
M8	510	342	525	352	default
2	526	344	534	351	default
1	534	342	540	352	default
2684K606	568	342	616	352	default
17.25	632	342	658	352	default
1/4	470	352	482	361	default
M10	510	352	531	361	default
2	531	353	540	361	default
1.25	540	352	560	361	default
2684K619	568	352	616	362	default
22.00	632	352	658	361	default
NPT	328	279	349	289	default
@	350	281	358	289	default
Metric	358	279	390	289	default
Thread	60	379	93	389	default
Size	60	389	80	399	default
Pipe	109	379	130	389	default
Size	109	389	129	399	default
10-32	60	402	88	411	default
1/8	109	401	121	411	default
2684K15	158	402	201	411	default
$14.30	216	402	248	411	default
1/40-28	60	411	91	421	default
1/8	109	411	121	421	default
2684K16	158	411	201	421	default
14.30	222	411	248	421	default
UN/UNF	104	368	145	378	default
(SAE)	147	368	174	378	default
@	174	370	182	378	default
NPT	183	368	204	378	default
Female	265	379	299	389	default
Thread	265	389	298	399	default
Size	265	399	285	409	default
Male	319	379	341	389	default
Thread	319	389	351	399	default
Size	319	399	338	409	default
10-32	265	411	293	421	default
M5	319	411	334	421	default
2	334	413	342	421	default
0.8	343	411	357	421	default
2684K22	369	411	412	421	default
$10.85	421	411	453	421	default
UN/UNF	303	368	344	378	default
(SAE)	347	368	374	378	default
@	374	370	382	378	default
Metric	383	368	414	378	default
Female	470	379	504	389	default
Thread	470	389	503	399	default
Size	470	399	490	409	default
Male	524	379	546	389	default
Thread	524	389	556	399	default
Size	524	399	543	409	default
M6	470	411	485	421	default
2	486	413	494	421	default
1	494	411	500	421	default
10-32	524	411	551	421	default
.2684K25	571	411	617	421	default
$15.00	626	411	658	421	default
Metric	508	368	540	378	default
@	540	370	548	378	default
UN/UNF	549	368	590	378	default
(SAE)	592	368	619	378	default
Pipe	60	478	81	488	default
Size	60	488	80	497	default
Thread	101	478	133	488	default
Size	101	488	120	497	default
1/16	60	500	76	510	default
10-32	101	500	128	510	default
.2684K011	155	500	206	510	default
$13.27	216	500	248	510	default
1/16	60	510	76	520	default
1/40-28	101	510	131	520	default
2684K035	158	510	206	520	default
13.27	222	510	248	520	default
1/16	60	519	76	529	default
7/160-20	101	519	136	530	default
2684K103	158	520	206	529	default
25.95	222	520	248	529	default
1/16	60	529	76	539	default
9/160-18	101	529	136	540	default
2684K074	158	529	206	539	default
25.95	222	529	248	539	default
Pipe	265	478	286	488	default
Size	265	488	285	497	default
Thread	305	478	338	488	default
Size	305	488	325	497	default
1/8	265	500	277	510	default
10-32	305	500	333	510	default
.2684K19	360	500	406	510	default
$10.57	421	500	453	510	default
1/8	265	510	277	520	default
1/40-28	305	510	336	520	default
2684K116	363	510	411	520	default
10.58	427	510	453	520	default
1/8	265	519	277	529	default
7/160-20	305	519	341	530	default
2684K133	363	520	411	529	default
25.95	427	520	453	529	default
1/8	265	529	277	539	default
9/160-18	305	529	341	540	default
2684K131	363	529	411	539	default
25.95	427	529	453	539	default
Pipe	470	478	491	488	default
Size	470	488	490	497	default
Thread	510	478	543	488	default
Size	510	488	530	497	default
1/4	470	500	482	510	default
10-32	510	500	538	510	default
.2684K135	565	500	616	510	default
$16.05	626	500	658	510	default
1/4	470	510	482	520	default
1/40-28	510	510	541	520	default
2684K143	568	510	616	520	default
16.05	632	510	658	520	default
1/4	470	519	482	529	default
7/160-20	510	519	546	530	default
2684K257	568	520	616	529	default
25.95	632	520	658	529	default
1/4	470	529	482	539	default
9/160-18	510	529	546	540	default
2684K236	568	529	616	539	default
25.95	632	529	658	539	default
Thread	60	450	95	459	default
Adapters,	98	450	146	459	default
Female	149	450	185	459	default
@	185	451	193	459	default
Male—Straights	194	449	270	459	default
NPT	309	467	330	477	default
@	330	469	338	476	default
UN/UNF	339	467	380	477	default
(SAE)	382	467	409	477	default
NPT	328	547	349	556	default
@	350	548	358	556	default
Metric	358	547	390	556	default
Pipe	60	557	81	567	default
Size	60	567	80	577	default
Thread	101	557	133	567	default
Size	101	567	120	577	default
1/16	60	580	76	589	default
M3	101	580	115	589	default
2	116	581	124	589	default
0.5	124	580	139	589	default
2684K042	158	580	206	589	default
$16.05	216	580	248	589	default
1/16	60	589	76	599	default
M5	101	589	115	599	default
2	116	591	124	599	default
0.5	124	589	139	599	default
2684K051	158	589	206	599	default
13.27	222	589	248	599	default
1/16	60	599	76	609	default
M6	101	599	115	609	default
2	116	601	124	608	default
1	124	599	130	609	default
2684K052	158	599	206	609	default
13.27	222	599	248	609	default
1/16	60	609	76	619	default
M8	101	609	115	619	default
2	116	611	124	618	default
1	124	609	130	619	default
2684K067	158	609	206	619	default
13.27	222	609	248	619	default
1/16	60	618	76	628	default
M10	101	619	121	628	default
2	121	620	130	628	default
1.25	130	619	150	628	default
2684K073	158	619	206	628	default
15.77	222	619	248	628	default
Pipe	265	557	286	567	default
Size	265	567	285	577	default
Thread	305	557	338	567	default
Size	305	567	325	577	default
1/8	265	580	277	589	default
M3	305	580	320	589	default
2	321	581	329	589	default
0.5	329	580	344	589	default
2684K117	363	580	411	589	default
$16.05	421	580	453	589	default
1/8	265	589	277	599	default
M5	305	589	320	599	default
2	321	591	329	599	default
0.8	329	589	344	599	default
2684K26	363	589	406	599	default
13.28	427	589	453	599	default
1/8	265	599	277	609	default
M6	305	599	320	609	default
2	321	601	329	608	default
1	329	599	335	609	default
2684K27	363	599	406	609	default
13.28	427	599	453	609	default
1/8	265	609	277	619	default
M8	305	609	320	619	default
2	321	611	329	618	default
1	329	609	335	619	default
2684K28	363	609	406	619	default
13.28	427	609	453	619	default
1/8	265	618	277	628	default
M10	305	619	326	628	default
2	326	620	335	628	default
1.25	335	619	355	628	default
2684K128	363	619	411	628	default
16.05	427	619	453	628	default
Pipe	470	557	491	567	default
Size	470	567	490	577	default
Thread	510	557	543	567	default
Size	510	567	530	577	default
1/4	470	580	482	589	default
M3	510	580	525	589	default
2	526	581	534	589	default
0.5	534	580	549	589	default
2684K214	568	580	616	589	default
$18.70	626	580	658	589	default
1/4	470	589	482	599	default
M5	510	589	525	599	default
2	526	591	534	599	default
0.5	534	589	549	599	default
2684K221	568	589	616	599	default
16.05	632	589	658	599	default
1/4	470	599	482	609	default
M6	510	599	525	609	default
2	526	601	534	608	default
1	534	599	540	609	default
2684K222	568	599	616	609	default
16.05	632	599	658	609	default
1/4	470	609	482	619	default
M8	510	609	525	619	default
2	526	611	534	618	default
1	534	609	540	619	default
2684K224	568	609	616	619	default
16.05	632	609	658	619	default
1/4	470	618	482	628	default
M10	510	619	531	628	default
2	531	620	540	628	default
1.25	540	619	560	628	default
2684K233	568	619	616	628	default
16.05	632	619	658	628	default
UN/UNF	206	636	247	646	default
(SAE)	250	636	277	646	default
@	277	638	285	646	default
NPT	285	636	306	646	default
Thread	60	648	93	658	default
Size	60	658	80	668	default
Pipe	109	648	130	658	default
Size	109	658	129	668	default
10-32	60	670	88	680	default
1/16	109	670	125	680	default
2684K268	158	670	206	680	default
$13.27	216	670	248	680	default
10-32	60	680	88	690	default
1/8	109	680	121	690	default
2684K272	158	680	206	690	default
13.27	222	680	248	690	default
10-32	60	690	88	699	default
1/4	109	690	121	699	default
2684K275	158	690	206	700	default
18.00	222	690	248	699	default
1/40-28	60	699	91	710	default
1/16	109	699	125	709	default
2684K323	158	700	206	709	default
13.27	222	699	248	709	default
1/40-28	60	709	91	719	default
1/8	109	709	121	719	default
2684K326	158	709	206	719	default
13.27	222	709	248	719	default
1/40-28	60	719	91	729	default
1/4	109	719	121	729	default
2684K333	158	719	206	729	default
18.00	222	719	248	729	default
Thread	265	648	298	658	default
Size	265	658	285	668	default
Pipe	314	648	335	658	default
Size	314	658	334	668	default
7/160-20	265	670	301	680	default
1/16	314	670	330	680	default
2684K446	363	670	411	680	default
$24.70	421	670	453	680	default
7/160-20	265	680	301	690	default
1/8	314	680	326	690	default
2684K448	363	680	411	690	default
24.70	427	680	453	690	default
7/160-20	265	690	301	700	default
1/4	314	690	326	699	default
2684K452	363	690	411	700	default
24.70	427	690	453	699	default
9/160-18	265	699	301	710	default
1/16	314	699	330	709	default
2684K429	363	700	411	709	default
24.70	427	699	453	709	default
9/160-18	265	709	301	719	default
1/8	314	709	326	719	default
2684K436	363	709	411	719	default
24.70	427	709	453	719	default
9/160-18	265	719	301	729	default
1/4	314	719	326	729	default
2684K442	363	719	411	729	default
24.70	427	719	453	729	default
Metric	508	636	540	646	default
@	540	638	548	646	default
UN/UNF	549	636	590	646	default
(SAE)	592	636	619	646	default
Female	470	648	504	658	default
Thread	470	658	503	668	default
Size	470	668	490	677	default
Male	524	648	546	658	default
Thread	524	658	556	668	default
Size	524	668	543	677	default
M6	470	680	485	690	default
2	486	682	494	689	default
1	494	680	500	690	default
10-32	524	680	551	690	default
.2684K29	571	680	617	690	default
$13.28	626	680	658	690	default
Metric	328	736	360	746	default
@	360	738	368	746	default
NPT	369	736	390	746	default
Thread	60	747	93	757	default
Size	60	757	80	767	default
Pipe	109	747	130	757	default
Size	109	757	129	767	default
M3	60	770	75	779	default
2	76	771	84	779	default
0.5	84	770	99	779	default
1/16	109	769	125	779	default
2684K334	158	770	206	779	default
$13.27	216	770	248	779	default
M3	60	779	75	789	default
2	76	781	84	789	default
0.5	84	779	99	789	default
1/8	109	779	121	789	default
2684K337	158	779	206	789	default
13.27	222	779	248	789	default
M3	60	789	75	799	default
2	76	791	84	798	default
0.5	84	789	99	799	default
1/4	109	789	121	799	default
2684K338	158	789	206	799	default
18.00	222	789	248	799	default
M5	60	799	75	809	default
2	76	801	84	808	default
0.5	84	799	99	809	default
1/16	109	799	125	809	default
2684K355	158	799	206	809	default
13.27	222	799	248	809	default
M5	60	809	75	818	default
2	76	810	84	818	default
0.5	84	809	99	818	default
1/8	109	808	121	818	default
2684K365	158	809	206	818	default
13.27	222	809	248	818	default
Thread	265	747	298	757	default
Size	265	757	285	767	default
Pipe	314	747	335	757	default
Size	314	757	334	767	default
M5	265	770	280	779	default
2	281	771	289	779	default
0.5	289	770	304	779	default
1/4	314	769	326	779	default
2684K372	363	770	411	779	default
$18.00	421	770	453	779	default
M6	265	779	280	789	default
2	281	781	289	789	default
1	289	779	295	789	default
1/16	314	779	330	789	default
2684K376	363	779	411	789	default
13.27	427	779	453	789	default
M6	265	789	280	799	default
2	281	791	289	798	default
1	289	789	295	799	default
1/8	314	789	326	799	default
2684K39	363	789	406	799	default
13.27	427	789	453	799	default
M6	265	799	280	809	default
2	281	801	289	808	default
1	289	799	295	809	default
1/4	314	799	326	809	default
2684K395	363	799	411	809	default
18.00	427	799	453	809	default
M8	265	809	280	818	default
2	281	810	289	818	default
1	289	809	295	818	default
1/16	314	808	330	818	default
2684K398	363	809	411	818	default
13.27	427	809	453	818	default
Thread	470	747	503	757	default
Size	470	757	490	767	default
Pipe	528	747	549	757	default
Size	528	757	548	767	default
M8	470	770	485	779	default
2	486	771	494	779	default
1	494	770	500	779	default
1/8	528	769	540	779	default
2684K399	568	770	616	779	default
$13.27	626	770	658	779	default
M8	470	779	485	789	default
2	486	781	494	789	default
1	494	779	500	789	default
1/4	528	779	540	789	default
2684K402	568	779	616	789	default
18.00	632	779	658	789	default
M10	470	789	491	799	default
2	491	791	499	798	default
1.25	500	789	520	799	default
1/16	528	789	544	799	default
2684K413	568	789	616	799	default
15.77	632	789	658	799	default
M10	470	799	491	809	default
2	491	801	499	808	default
1.25	500	799	520	809	default
1/8	528	799	540	809	default
2684K415	568	799	616	809	default
15.77	632	799	658	809	default
M10	470	809	491	818	default
2	491	810	499	818	default
1.25	500	809	520	818	default
1/4	528	808	540	818	default
2684K425	568	809	616	818	default
18.00	632	809	658	818	default
Thread	60	848	95	858	default
Adapters,	98	848	146	858	default
Male—Straights	149	848	225	858	default
NPT	309	866	330	875	default
@	330	867	338	875	default
UN/UNF	339	866	380	875	default
(SAE)	382	866	409	875	default
Pipe	60	877	81	886	default
Size	60	886	80	896	default
Thread	109	877	142	886	default
Size	109	886	129	896	default
1/16	60	899	76	909	default
10-32	109	899	137	909	default
2684K734	158	899	206	909	default
$14.38	216	899	248	909	default
1/16	60	908	76	918	default
1/40-28	109	908	140	919	default
2684K736	158	909	206	918	default
14.38	222	909	248	918	default
1/16	60	918	76	928	default
7/160-20	109	918	145	928	default
2684K786	158	918	206	928	default
19.70	222	918	248	928	default
1/16	60	928	76	938	default
9/160-18	109	928	145	938	default
2684K785	158	928	206	938	default
19.70	222	928	248	938	default
Pipe	265	877	286	886	default
Size	265	886	285	896	default
Thread	314	877	347	886	default
Size	314	886	334	896	default
1/8	265	899	277	909	default
10-32	314	899	342	909	default
2684K796	363	899	411	909	default
$14.38	421	899	453	909	default
1/8	265	908	277	918	default
1/40-28	314	908	345	919	default
2684K8	363	909	400	918	default
14.38	427	909	453	918	default
1/8	265	918	277	928	default
7/160-20	314	918	350	928	default
2684K892	363	918	411	928	default
19.70	427	918	453	928	default
1/8	265	928	277	938	default
9/160-18	314	928	350	938	default
2684K875	363	928	411	938	default
19.70	427	928	453	938	default
Pipe	470	877	491	886	default
Size	470	886	490	896	default
Thread	519	877	552	886	default
Size	519	886	539	896	default
1/4	470	899	482	909	default
10-32	519	899	547	909	default
2684K907	568	899	616	909	default
$17.30	626	899	658	909	default
1/4	470	908	482	918	default
1/40-28	519	908	550	919	default
2684K909	568	909	616	918	default
17.30	632	909	658	918	default
1/4	470	918	482	928	default
7/160-20	519	918	555	928	default
2684K993	568	918	616	928	default
22.20	632	918	658	928	default
1/4	470	928	482	938	default
9/160-18	519	928	555	938	default
2684K991	568	928	616	938	default
22.20	632	928	658	938	default
Miniature	60	56	139	72	default
Medium-Pressure	144	56	291	72	default
Stainless	296	56	371	72	default
Steel	376	56	418	72	default
Threaded	424	56	502	72	default
Pipe	507	56	543	72	default
Fittings	549	56	611	72	default
NPT	143	92	164	102	default
Pipe	60	103	81	113	default
Size	60	113	80	122	default
1/16	60	125	76	135	default
2684K47	158	125	201	135	default
$14.33	216	125	248	135	default
1/8	60	135	72	145	default
2684K14	158	135	201	145	default
14.32	222	135	248	145	default
1/4	60	145	72	155	default
2684K587	158	145	206	155	default
21.00	222	145	248	155	default
Adapters,	60	75	108	84	default
Female	111	75	147	84	default
@	148	76	156	84	default
Male—90°	156	74	206	84	default
Elbows	209	74	243	84	default
UN/UNF	324	93	365	103	default
(SAE)	367	93	394	103	default
Thread	265	104	298	114	default
Size	265	114	285	124	default
1/40-28	265	126	296	137	default
2684K13	363	127	406	136	default
$15.00	421	127	453	136	default
Metric	548	93	580	103	default
Thread	470	104	503	114	default
Size	470	114	490	124	default
M3	470	127	485	136	default
2684K11	568	127	611	136	default
$15.57	626	127	658	136	default
M5	470	136	485	146	default
2684K12	568	136	611	146	default
15.57	632	136	658	146	default
(Continued	309	943	372	954	default
on	375	943	390	954	default
following	393	943	445	954	default
page)	448	943	480	954	default
##LTFigure##	688	198	727	233	default
##LTFigure##	689	464	728	486	default
##LTFigure##	674	863	728	890	default
##LTFigure##	689	88	729	118	default
