30	32	960	52	973	default
Stainless	72	29	167	48	default
Steel	173	29	227	48	default
Pipe	233	29	279	48	default
Fittings	286	29	364	48	default
With	43	233	63	243	default
the	66	233	81	243	default
strength	83	233	121	243	default
to	124	233	133	243	default
handle	135	233	166	243	default
extreme	169	233	206	243	default
pressures,	209	233	257	243	default
these	259	233	285	243	default
fittings	287	233	318	243	default
can	321	233	338	243	default
be	340	233	352	243	default
used	355	233	377	243	default
to	380	233	389	243	default
connect	392	233	429	243	default
equipment	432	233	481	243	default
in	483	233	491	243	default
hydraulic	494	233	536	243	default
fluid	539	233	558	243	default
lines	561	233	582	243	default
Fittings	587	233	621	243	default
are	624	233	638	243	default
316	641	233	658	243	default
stainless	660	233	701	243	default
steel	32	243	54	252	default
and	57	243	75	252	default
have	77	243	100	252	default
excellent	102	243	144	252	default
corrosion	147	243	190	252	default
resistance	193	243	241	252	default
Extreme-Pressure	32	216	182	231	default
Stainless	187	216	262	231	default
Steel	268	216	310	231	default
Threaded	315	216	393	231	default
Pipe	398	216	435	231	default
Fittings	440	216	502	231	default
(Continued)	510	218	577	229	default
Thread	106	414	139	424	default
Size	106	424	126	434	default
Pipe	166	414	187	424	default
Size	166	424	185	434	default
Max	228	414	248	424	default
psi	254	414	268	424	default
@	228	424	237	434	default
72°	239	424	255	434	default
F	256	424	262	434	default
7/160-20	106	436	142	446	default
1/8	166	436	177	446	default
6,000	228	436	254	446	default
51205K822	286	436	340	446	default
$30.31	361	436	393	446	default
1/20-20	106	446	137	456	default
1/8	166	446	177	456	default
6,000	228	446	254	456	default
51205K823	286	446	340	456	default
31.75	367	446	393	456	default
9/160-18	106	455	142	466	default
1/4	166	456	177	465	default
6,000	228	456	254	465	default
51205K824	286	456	340	466	default
34.15	367	456	393	465	default
3/40-16	106	465	137	476	default
3/8	166	465	177	475	default
5,000	228	465	254	475	default
51205K825	286	466	340	475	default
35.87	367	465	393	475	default
Thread	414	414	446	424	default
Size	414	424	434	434	default
Pipe	473	414	494	424	default
Size	473	424	493	434	default
Max	536	414	556	424	default
psi	562	414	575	424	default
@	536	424	544	434	default
72°	547	424	563	434	default
F	564	424	570	434	default
7/80-14	420	436	451	446	default
1/2	479	436	490	446	default
4,500	536	436	562	446	default
51205K826	594	436	647	446	default
$43.65	669	436	701	446	default
11/160-12	414	446	455	456	default
3/4	479	446	490	456	default
4,500	536	446	562	456	default
51205K827	594	446	647	456	default
61.31	675	446	701	456	default
15/160-12	414	455	455	466	default
1	473	456	479	465	default
3,500	536	456	562	465	default
51205K828	594	456	647	466	default
48.92	675	456	701	465	default
UN/UNF	350	404	391	414	default
(SAE)	394	404	420	414	default
@	421	406	429	414	default
BSPT	429	404	457	414	default
Thread	106	502	139	511	default
Size	106	511	126	521	default
Pipe	166	502	187	511	default
Size	166	511	185	521	default
Max	228	502	248	511	default
psi	254	502	268	511	default
@	228	511	237	521	default
72°	239	511	255	521	default
F	256	511	262	521	default
7/160-20	106	524	142	534	default
1/8	166	524	177	534	default
5,000	228	524	254	534	default
51205K811	286	524	340	534	default
$87.73	361	524	393	534	default
7/160-20	106	533	142	544	default
1/4	166	533	177	543	default
5,000	228	534	254	543	default
51205K812	286	534	340	543	default
35.27	367	534	393	543	default
7/160-20	106	543	142	553	default
3/8	166	543	177	553	default
5,000	228	543	254	553	default
51205K814	286	543	340	553	default
40.79	367	543	393	553	default
1/20-20	106	553	137	563	default
3/8	166	553	177	563	default
5,000	228	553	254	563	default
51205K815	286	553	340	563	default
40.44	367	553	393	563	default
9/160-18	106	562	142	573	default
1/4	166	563	177	572	default
5,000	228	563	254	572	default
51205K813	286	563	340	572	default
41.02	367	563	393	572	default
Thread	414	502	446	511	default
Size	414	511	434	521	default
Pipe	473	502	494	511	default
Size	473	511	493	521	default
Max	536	502	556	511	default
psi	562	502	575	511	default
@	536	511	544	521	default
72°	547	511	563	521	default
F	564	511	570	521	default
9/160-18	420	524	455	534	default
3/8	479	524	490	534	default
5,000	536	524	562	534	default
51205K816	594	524	647	534	default
$39.60	669	524	701	534	default
3/40-16	420	533	451	544	default
3/8	479	533	490	543	default
5,000	536	534	562	543	default
51205K817	594	534	647	543	default
41.37	675	534	701	543	default
7/80-14	420	543	451	553	default
1/2	479	543	490	553	default
3,500	536	543	562	553	default
51205K818	594	543	647	553	default
49.56	675	543	701	553	default
11/160-12	414	553	455	563	default
3/4	479	553	490	563	default
3,500	536	553	562	563	default
51205K819	594	553	647	563	default
55.92	675	553	701	563	default
15/160-12	414	562	455	573	default
1	473	563	479	572	default
3,500	536	563	562	572	default
51205K821	594	563	647	572	default
89.94	675	563	701	572	default
UN/UNF	350	492	391	502	default
(SAE)	394	492	420	502	default
@	421	494	429	501	default
BSPP	429	492	457	502	default
Thread	130	599	163	609	default
Size	165	599	185	609	default
Max	228	599	248	609	default
psi	254	599	268	609	default
@	228	609	237	618	default
72°	239	609	255	618	default
F	256	609	262	618	default
Female	106	609	140	618	default
Male	166	609	188	618	default
7/160-20	106	621	142	631	default
M10	166	621	186	631	default
2	187	623	195	630	default
1	195	621	201	631	default
5,000	228	621	254	631	default
51205K781	286	621	340	631	default
$33.44	361	621	393	631	default
9/160-18	106	630	142	641	default
M10	166	631	186	640	default
2	187	632	195	640	default
1	195	631	201	640	default
5,000	228	631	254	640	default
51205K782	286	631	340	641	default
50.02	367	631	393	640	default
9/160-18	106	640	142	651	default
M14	166	640	186	650	default
2	187	642	195	650	default
1.5	195	640	210	650	default
5,000	228	640	254	650	default
51205K783	286	641	340	650	default
48.25	367	640	393	650	default
3/40-16	106	650	137	660	default
M16	166	650	186	660	default
2	187	652	195	660	default
1.5	195	650	210	660	default
5,000	228	650	254	660	default
51205K784	286	650	340	660	default
47.21	367	650	393	660	default
3/40-16	106	660	137	670	default
M18	166	660	186	670	default
2	187	662	195	669	default
1.5	195	660	210	670	default
3,500	228	660	254	670	default
51205K785	286	660	340	670	default
58.46	367	660	393	670	default
Thread	438	599	471	609	default
Size	474	599	493	609	default
Max	536	599	556	609	default
psi	562	599	575	609	default
@	536	609	544	618	default
72°	547	609	563	618	default
F	564	609	570	618	default
Female	414	609	448	618	default
Male	473	609	496	618	default
7/80-14	420	621	451	631	default
M22	473	621	494	631	default
2	494	623	502	630	default
1.5	503	621	517	631	default
3,500	536	621	562	631	default
51205K786	594	621	647	631	default
$50.50	669	621	701	631	default
11/160-12	414	630	455	641	default
M27	473	631	494	640	default
2	494	632	502	640	default
2	503	631	509	640	default
3,500	536	631	562	640	default
51205K787	594	631	647	641	default
60.65	675	631	701	640	default
15/160-12	414	640	455	651	default
M33	473	640	494	650	default
2	494	642	502	650	default
2	503	640	509	650	default
3,000	536	640	562	650	default
51205K788	594	641	647	650	default
79.54	675	640	701	650	default
15/80-12	414	650	451	660	default
M42	473	650	494	660	default
2	494	652	502	660	default
2	503	650	509	660	default
2,000	536	650	562	660	default
51205K789	594	650	647	660	default
60.08	675	650	701	660	default
UN/UNF	348	589	389	599	default
(SAE)	391	589	418	599	default
@	419	591	427	598	default
Metric	427	589	459	599	default
Thread	129	696	162	706	default
Size	165	696	184	706	default
Max	228	696	248	706	default
psi	254	696	268	706	default
@	228	706	237	715	default
72°	239	706	255	715	default
F	256	706	262	715	default
Female	106	706	140	715	default
Male	166	706	188	715	default
M10	106	718	127	728	default
2	127	720	136	728	default
1	136	718	142	728	default
7/160-20	166	718	201	728	default
6,000	228	718	254	728	default
51205K761	286	718	340	728	default
$30.83	361	718	393	728	default
M12	106	728	127	738	default
2	127	730	136	737	default
1.5	136	728	150	738	default
7/160-20	166	728	201	738	default
6,000	228	728	254	738	default
51205K762	286	728	340	738	default
31.13	367	728	393	738	default
M14	106	738	127	747	default
2	127	739	136	747	default
1.5	136	738	150	747	default
9/160-18	166	737	201	748	default
6,000	228	738	254	747	default
51205K763	286	738	340	747	default
32.81	367	738	393	747	default
M16	106	747	127	757	default
2	127	749	136	757	default
1.5	136	747	150	757	default
9/160-18	166	747	201	758	default
6,000	228	747	254	757	default
51205K764	286	747	340	757	default
38.19	367	747	393	757	default
M16	106	757	127	767	default
2	127	759	136	767	default
1.5	136	757	150	767	default
3/40-16	166	757	197	767	default
6,000	228	757	254	767	default
51205K765	286	757	340	767	default
37.50	367	757	393	767	default
Thread	437	696	469	706	default
Size	472	696	491	706	default
Max	536	696	556	706	default
psi	562	696	575	706	default
@	536	706	544	715	default
72°	547	706	563	715	default
F	564	706	570	715	default
Female	414	706	448	715	default
Male	473	706	496	715	default
M18	414	718	435	728	default
2	435	720	443	728	default
1.5	443	718	458	728	default
3/40-16	479	718	510	728	default
6,000	536	718	562	728	default
51205K766	594	718	647	728	default
$36.73	669	718	701	728	default
M22	414	728	435	738	default
2	435	730	443	737	default
1.5	443	728	458	738	default
7/80-14	479	728	510	738	default
5,000	536	728	562	738	default
51205K767	594	728	647	738	default
73.67	675	728	701	738	default
M27	414	738	435	747	default
2	435	739	443	747	default
2	443	738	449	747	default
11/160-12	473	737	515	748	default
5,000	536	738	562	747	default
51205K768	594	738	647	747	default
69.40	675	738	701	747	default
M33	414	747	435	757	default
2	435	749	443	757	default
2	443	747	449	757	default
15/160-12	473	747	515	758	default
5,000	536	747	562	757	default
51205K769	594	747	647	757	default
67.87	675	747	701	757	default
Metric	347	686	379	696	default
@	380	688	388	696	default
UN/UNF	388	686	429	696	default
(SAE)	432	686	459	696	default
(Continued	281	943	344	954	default
on	347	943	362	954	default
following	365	943	417	954	default
page)	420	943	452	954	default
NPT	375	838	396	847	default
@	397	839	405	847	default
BSPP	405	838	433	847	default
Pipe	120	847	141	857	default
Size	144	847	163	857	default
Max	228	847	248	857	default
psi	254	847	268	857	default
@	228	857	237	867	default
72°	239	857	255	867	default
F	256	857	262	867	default
(A)	106	857	119	867	default
(B)	166	857	178	867	default
1/4	106	869	118	879	default
1/8	166	869	177	879	default
5,000	228	870	254	879	default
4822T201	286	870	333	879	default
$31.25	361	870	393	879	default
3/8	106	879	118	889	default
1/8	166	879	177	889	default
5,500	228	879	254	889	default
4822T202	286	879	333	889	default
26.83	367	879	393	889	default
3/8	106	889	118	899	default
1/4	166	889	177	899	default
5,500	228	889	254	899	default
4822T204	286	889	333	899	default
30.13	367	889	393	899	default
1/2	106	899	118	909	default
1/4	166	899	177	909	default
4,500	228	899	254	909	default
4822T205	286	899	333	909	default
36.96	367	899	393	909	default
1/2	106	908	118	918	default
3/8	166	908	177	918	default
4,500	228	909	254	918	default
4822T208	286	909	333	918	default
32.62	367	909	393	918	default
3/4	106	918	118	928	default
3/8	166	918	177	928	default
3,500	228	918	254	928	default
4822T209	286	918	333	928	default
78.79	367	918	393	928	default
3/4	106	928	118	938	default
1/2	166	928	177	938	default
3,500	228	928	254	938	default
4822T213	286	928	333	938	default
56.83	367	928	393	938	default
Pipe	430	847	451	857	default
Size	454	847	473	857	default
Max	536	847	556	857	default
psi	562	847	575	857	default
@	536	857	544	867	default
72°	547	857	563	867	default
F	564	857	570	867	default
(A)	414	857	426	867	default
(B)	473	857	486	867	default
1	414	870	420	879	default
1/2	479	869	490	879	default
3,000	536	870	562	879	default
4822T214	594	870	640	879	default
$95.52	669	870	701	879	default
1	414	879	420	889	default
3/4	479	879	490	889	default
3,000	536	879	562	889	default
4822T217	594	879	640	889	default
83.29	675	879	701	889	default
11/4	414	889	431	899	default
1	473	889	479	899	default
2,500	536	889	562	899	default
4822T221	594	889	640	899	default
116.27	669	889	701	899	default
11/2	414	899	431	909	default
1	473	899	479	909	default
2,000	536	899	562	909	default
4822T223	594	899	640	909	default
181.69	669	899	701	909	default
11/2	414	908	431	918	default
11/4	473	908	490	918	default
2,000	536	909	562	918	default
4822T226	594	909	640	918	default
155.46	669	909	701	918	default
2	414	918	420	928	default
11/2	473	918	490	928	default
2,000	536	918	562	928	default
4822T231	594	918	640	928	default
211.68	669	918	701	928	default
BSPP	319	802	347	811	default
threads	350	802	385	811	default
have	389	802	411	811	default
a	414	802	420	811	default
Buna-N	423	802	459	811	default
gasket	462	802	493	811	default
and	497	802	514	811	default
a	517	802	523	811	default
316	526	802	544	811	default
stainless	547	802	588	811	default
steel	591	802	613	811	default
washer	616	802	650	811	default
to	653	802	662	811	default
prevent	666	802	701	811	default
leaks	308	811	333	821	default
For	338	811	354	821	default
replacement	357	811	414	821	default
washers	417	811	456	821	default
see	459	811	475	821	default
page	478	811	501	821	default
31	504	811	516	821	default
Reducing	32	790	79	800	default
Thread	82	790	117	800	default
Adapters,	120	790	168	800	default
Male	171	790	195	800	default
•	109	813	114	821	default
Maximum	117	811	163	821	default
Pressure:	166	811	209	821	default
See	212	811	230	821	default
table	233	811	256	821	default
•	109	803	114	811	default
Use	117	802	135	811	default
with	138	802	157	811	default
hydraulic	160	802	202	811	default
fluid,	205	802	228	811	default
oil,	231	802	244	811	default
and	247	802	265	811	default
water	267	802	293	811	default
A	32	820	38	828	default
B	87	805	93	813	default
Thread	106	329	139	339	default
Size	106	339	126	349	default
Pipe	166	329	187	339	default
Size	166	339	185	349	default
Max	228	329	248	339	default
psi	254	329	268	339	default
@	228	339	237	349	default
72°	239	339	255	349	default
F	256	339	262	349	default
9/160-18	106	351	142	362	default
1/4	166	351	177	361	default
15,000	228	352	260	361	default
51205K711	286	352	340	361	default
$50.81	361	352	393	361	default
9/160-18	106	361	142	371	default
3/8	166	361	177	371	default
15,000	228	361	260	371	default
51205K712	286	361	340	371	default
58.52	367	361	393	371	default
9/160-18	106	371	142	381	default
1/2	166	371	177	381	default
15,000	228	371	260	381	default
51205K713	286	371	340	381	default
61.69	367	371	393	381	default
3/40-16	106	380	137	391	default
1/4	166	381	177	390	default
15,000	228	381	260	390	default
51205K714	286	381	340	391	default
63.45	367	381	393	390	default
Thread	414	329	446	339	default
Size	414	339	434	349	default
Pipe	473	329	494	339	default
Size	473	339	493	349	default
Max	536	329	556	339	default
psi	562	329	575	339	default
@	536	339	544	349	default
72°	547	339	563	349	default
F	564	339	570	349	default
3/40-16	420	351	451	362	default
3/8	473	351	485	361	default
15,000	536	352	568	361	default
51205K715	594	352	647	361	default
$64.84	669	352	701	361	default
3/40-16	420	361	451	371	default
1/2	473	361	485	371	default
15,000	536	361	568	371	default
51205K716	594	361	647	371	default
66.38	675	361	701	371	default
11/80-12	414	371	451	381	default
1/4	473	371	485	381	default
15,000	536	371	568	381	default
51205K717	594	371	647	381	default
97.71	675	371	701	381	default
11/80-12	414	380	451	391	default
1/2	473	381	485	390	default
15,000	536	381	568	390	default
51205K718	594	381	647	391	default
107.62	669	381	701	390	default
UN/UNF	353	320	394	329	default
(SAE)	396	320	423	329	default
@	423	321	431	329	default
NPT	432	320	453	329	default
BSPP	319	271	347	281	default
and	350	271	367	281	default
metric	370	271	402	281	default
male	405	271	427	281	default
threads	430	271	465	281	default
have	468	271	490	281	default
a	493	271	498	281	default
Buna-N	501	271	537	281	default
gasket	540	271	571	281	default
to	574	271	583	281	default
prevent	586	271	621	281	default
leaks	624	271	648	281	default
UN/UNF	319	281	360	291	default
(SAE)	363	281	390	291	default
threads	394	281	429	290	default
are	432	281	447	290	default
also	450	281	469	290	default
known	472	281	504	290	default
as	507	281	518	290	default
O-ring	521	281	551	290	default
boss	554	281	577	290	default
threads;	580	281	618	290	default
the	621	281	636	290	default
male	639	281	662	290	default
threads	665	281	701	290	default
have	308	290	331	300	default
a	333	290	339	300	default
Buna-N	342	290	378	300	default
gasket	381	290	412	300	default
to	415	290	424	300	default
prevent	427	290	462	300	default
leaks	464	290	489	300	default
•	109	292	114	300	default
Maximum	117	290	163	300	default
Pressure:	166	290	209	300	default
See	212	290	230	300	default
table	233	290	256	300	default
•	109	273	114	280	default
Use	117	271	135	281	default
with	138	271	157	281	default
hydraulic	160	271	202	281	default
fluid	205	271	225	281	default
(petroleum	228	271	277	281	default
base),	117	281	145	290	default
oil,	148	281	161	290	default
and	164	281	182	290	default
water	185	281	210	290	default
Thread	32	259	67	269	default
Adapters,	70	259	118	269	default
Female×Male	121	259	187	269	default
(Cont	190	259	217	269	default
)	220	259	223	269	default
Pipe	53	70	74	79	default
size	76	70	94	79	default
is	97	70	105	79	default
not	107	70	122	79	default
an	125	70	136	79	default
actual	139	70	167	79	default
measured	170	70	216	79	default
size,	218	70	239	79	default
but	242	70	257	79	default
rather	260	70	287	79	default
an	290	70	301	79	default
industry	304	70	341	79	default
designation	343	70	397	79	default
Align	403	70	426	79	default
your	429	70	449	79	default
pipe	452	70	472	79	default
or	475	70	484	79	default
fitting	487	70	513	79	default
with	515	70	535	79	default
the	537	70	552	79	default
“0”	554	70	569	79	default
line	572	70	588	79	default
as	590	70	601	79	default
shown	604	70	634	79	default
The	640	70	657	79	default
line	660	70	676	79	default
on	679	70	690	79	default
the	43	79	57	89	default
opposite	60	79	101	89	default
edge	103	79	127	89	default
gives	129	79	154	89	default
the	156	79	171	89	default
pipe	174	79	194	89	default
size	197	79	215	89	default
You	220	79	238	89	default
can	240	79	257	89	default
also	260	79	279	89	default
measure	282	79	322	89	default
the	324	79	339	89	default
OD	342	79	357	89	default
of	360	79	369	89	default
male	372	79	394	89	default
threads	397	79	431	89	default
or	434	79	444	89	default
the	446	79	461	89	default
ID	464	79	474	89	default
of	476	79	485	89	default
female	488	79	519	89	default
threads,	522	79	560	89	default
then	562	79	583	89	default
find	586	79	603	89	default
the	606	79	620	89	default
corresponding	623	79	690	89	default
pipe	43	89	63	99	default
size	66	89	84	99	default
in	87	89	95	99	default
the	98	89	112	99	default
chart	115	89	139	99	default
If	145	89	150	99	default
your	153	89	174	99	default
measurement	177	89	240	99	default
doesn’t	243	89	278	99	default
match	280	89	310	99	default
an	312	89	324	99	default
OD	327	89	342	99	default
or	345	89	354	99	default
ID	357	89	367	99	default
listed,	370	89	398	99	default
round	401	89	428	99	default
to	431	89	440	99	default
the	443	89	457	99	default
nearest	460	89	494	99	default
1/80	497	89	513	99	default
How	43	59	65	69	default
to	68	59	78	69	default
Measure	81	59	124	69	default
Pipe	127	59	149	69	default
Size	152	59	172	69	default
for	175	59	189	69	default
NPT	192	59	213	69	default
or	216	59	226	69	default
BSP	229	59	250	69	default
Threads—Example	253	59	344	69	default
shows	347	59	377	69	default
pipe	380	59	400	69	default
size	403	59	421	69	default
3/8	424	59	435	69	default
To	58	184	69	194	default
measure	72	184	112	194	default
larger	115	184	141	194	default
pipe	144	184	164	194	default
sizes,	167	184	193	194	default
go	196	184	208	194	default
to	211	184	220	194	default
mcmaster	223	184	269	194	default
com	271	184	292	194	default
and	295	184	312	194	default
search	315	184	346	194	default
for	349	184	361	194	default
4464KAC	364	184	410	194	default
For	415	184	431	194	default
information	434	184	486	194	default
about	489	184	516	194	default
fittings	519	184	550	194	default
and	553	184	570	194	default
pipe,	573	184	596	194	default
see	599	184	616	194	default
pages	618	184	647	194	default
2-3	650	184	665	194	default
Pipe	392	156	415	166	default
Size:ID:	418	156	442	178	default
0	447	168	453	178	default
1	543	168	548	178	default
38	480	166	488	177	default
1	465	166	469	173	default
4	470	170	474	177	default
12	493	166	502	177	default
34	521	166	530	177	default
34	634	166	644	177	default
1	604	168	609	178	default
114	566	166	580	178	default
1	629	168	635	178	default
58	507	166	516	177	default
58	609	166	618	177	default
˝	642	166	645	177	default
˝	617	166	619	177	default
˝	579	166	581	177	default
˝	529	166	531	177	default
˝	515	166	517	177	default
˝	500	166	503	177	default
˝	487	166	489	177	default
˝	472	166	475	177	default
˝	548	167	551	178	default
0	446	156	452	166	default
1	571	156	576	166	default
18	480	154	489	165	default
116	464	154	477	165	default
14	493	154	502	165	default
12	521	154	530	165	default
34	542	154	551	165	default
114	604	154	617	166	default
112	629	154	643	166	default
38	507	154	516	165	default
Pipe	73	156	95	166	default
Size:OD:	98	156	123	177	default
0	128	156	133	166	default
0	128	168	133	178	default
1	263	156	269	166	default
1	296	156	302	166	default
1	325	156	331	166	default
1	238	168	244	177	default
1838	168	155	177	177	default
1161	153	155	166	173	default
4	158	170	162	177	default
14	181	155	190	166	default
14	302	155	311	166	default
12	181	166	190	177	default
12	213	155	222	166	default
12	330	155	339	166	default
34	213	166	222	177	default
34	236	155	245	166	default
114	259	166	272	178	default
3858	195	155	204	177	default
˝	272	166	274	177	default
1	297	168	303	178	default
˝	221	166	223	177	default
34˝	330	166	341	177	default
˝	203	166	205	177	default
58˝	303	166	313	177	default
1	324	168	330	178	default
˝	188	166	191	177	default
˝	176	166	179	177	default
˝	161	166	164	177	default
˝	243	166	246	178	default
##LTFigure##	40	803	93	829	default
##LTFigure##	32	273	80	303	default
##LTFigure##	438	104	522	141	default
##LTFigure##	130	104	201	145	default
