38	32	960	52	973	default
Stainless	72	29	167	48	default
Steel	173	29	227	48	default
Pipe	233	29	279	48	default
Flanges	286	29	366	48	default
(Cont	492	219	523	230	default
from	530	219	556	230	default
previous	560	219	608	230	default
page)	611	219	643	230	default
Pipe	60	477	81	487	default
Size	84	477	103	487	default
Slip-On	278	497	315	507	default
Weld	318	497	342	507	default
Slip-On	32	487	67	497	default
Weld	32	497	55	507	default
Flanged	93	497	130	507	default
Flange	154	487	185	497	default
OD	154	497	169	507	default
For	208	487	224	497	default
Bolt	226	487	245	497	default
Dia	208	497	223	507	default
(No	229	497	245	507	default
)	248	497	251	507	default
304/304L	32	509	77	519	default
Stainless	80	509	125	519	default
Steel	128	509	153	519	default
3/4	43	519	55	529	default
1	93	519	99	529	default
41/40	160	519	181	529	default
1/20	208	519	223	529	default
(4)	226	519	237	529	default
44685K344	262	519	316	529	default
$52.66	326	519	357	529	default
1	37	529	43	539	default
11/2	93	529	110	539	default
50	160	529	169	539	default
1/20	208	529	223	539	default
(4)	226	529	237	539	default
44685K345	262	529	316	539	default
71.38	331	529	357	539	default
1	37	539	43	548	default
2	93	539	99	548	default
60	160	538	169	549	default
5/80	208	538	223	549	default
(4)	226	539	237	548	default
44685K131	262	539	316	548	default
92.44	331	539	357	548	default
11/2	37	548	55	558	default
2	93	548	99	558	default
60	160	548	169	558	default
5/80	208	548	223	558	default
(4)	226	548	237	558	default
44685K346	262	548	316	558	default
92.44	331	548	357	558	default
2	37	558	43	568	default
3	93	558	99	568	default
71/20	160	558	181	568	default
5/80	208	558	223	568	default
(4)	226	558	237	568	default
44685K132	262	558	316	568	default
139.24	326	558	357	568	default
2	37	570	43	580	default
4	93	570	99	580	default
90	160	570	169	581	default
5/80	208	570	223	581	default
(8)	226	570	237	580	default
44685K347	262	571	316	580	default
172.31	326	570	357	580	default
3	37	580	43	590	default
4	93	580	99	590	default
90	160	580	169	590	default
5/80	208	580	223	590	default
(8)	226	580	237	590	default
44685K133	262	580	316	590	default
189.54	326	580	357	590	default
4	37	590	43	600	default
6	93	590	99	600	default
110	154	590	169	600	default
3/40	208	590	223	600	default
(8)	226	590	237	600	default
44685K134	262	590	316	600	default
277.88	326	590	357	600	default
6	37	600	43	609	default
8	93	600	99	609	default
131/20	154	599	181	610	default
3/40	208	599	223	610	default
(8)	226	600	237	609	default
44685K135	262	600	316	609	default
496.73	326	600	357	609	default
316/316L	32	609	77	619	default
Stainless	80	609	125	619	default
Steel	128	609	153	619	default
3/4	43	619	55	629	default
1	93	619	99	629	default
41/40	160	619	181	629	default
1/20	208	619	223	629	default
(4)	226	619	237	629	default
44695K272	262	619	316	629	default
71.27	331	619	357	629	default
1	37	629	43	639	default
11/2	93	629	110	639	default
50	160	629	169	639	default
1/20	208	629	223	639	default
(4)	226	629	237	639	default
44695K273	262	629	316	639	default
90.42	331	629	357	639	default
1	37	639	43	648	default
2	93	639	99	648	default
60	160	638	169	649	default
5/80	208	638	223	649	default
(4)	226	639	237	648	default
44695K131	262	639	316	648	default
125.20	326	639	357	648	default
11/2	37	648	55	658	default
2	93	648	99	658	default
60	160	648	169	658	default
5/80	208	648	223	658	default
(4)	226	648	237	658	default
44695K274	262	648	316	658	default
104.33	326	648	357	658	default
2	37	658	43	668	default
3	93	658	99	668	default
71/20	160	658	181	668	default
5/80	208	658	223	668	default
(4)	226	658	237	668	default
44695K132	262	658	316	668	default
198.90	326	658	357	668	default
2	37	670	43	680	default
4	93	670	99	680	default
90	160	670	169	681	default
5/80	208	670	223	681	default
(8)	226	670	237	680	default
44695K275	262	671	316	680	default
210.60	326	670	357	680	default
3	37	680	43	690	default
4	93	680	99	690	default
90	160	680	169	690	default
5/80	208	680	223	690	default
(8)	226	680	237	690	default
44695K133	262	680	316	690	default
263.25	326	680	357	690	default
4	37	690	43	700	default
6	93	690	99	700	default
110	154	690	169	700	default
3/40	208	690	223	700	default
(8)	226	690	237	700	default
44695K134	262	690	316	700	default
376.53	326	690	357	700	default
6	37	700	43	709	default
8	93	700	99	709	default
131/20	154	699	181	710	default
3/40	208	699	223	710	default
(8)	226	700	237	709	default
44695K135	262	700	316	709	default
601.20	326	700	357	709	default
Class	32	327	60	336	default
150	63	327	80	336	default
Forged	83	327	118	336	default
Reducing	121	327	168	336	default
Flanges	171	327	210	336	default
•	35	369	39	377	default
Pipe	43	368	63	377	default
Nipples	66	368	101	377	default
and	104	368	122	377	default
Pipe:	125	368	148	377	default
Use	151	368	170	377	default
unthreaded	173	368	226	377	default
Schedule	43	377	86	387	default
40	89	377	101	387	default
standard-wall	103	377	167	387	default
stainless	169	377	210	387	default
steel	213	377	235	387	default
(see	43	387	62	397	default
page	65	387	88	397	default
39)	91	387	105	397	default
•	35	350	39	357	default
Maximum	43	348	88	358	default
Pressure:	91	348	135	358	default
150	138	348	155	358	default
psi	158	348	172	358	default
@	175	348	183	358	default
72°	186	348	201	358	default
F;	203	348	212	358	default
150	43	358	60	368	default
psi	63	358	76	368	default
@	79	358	88	368	default
360°	91	358	112	368	default
F	113	358	119	368	default
for	122	358	135	368	default
steam	138	358	166	368	default
Flat	125	276	140	284	default
Surface	143	276	176	284	default
on	133	284	143	293	default
Back	146	284	168	293	default
(Cast	112	293	134	301	default
Flanges	137	293	170	301	default
and	172	293	188	301	default
Forged	113	301	143	309	default
Stub	146	301	165	309	default
End)	168	301	187	309	default
Raised	39	276	68	284	default
Surface	71	276	103	284	default
on	54	284	65	293	default
Back	67	284	89	293	default
(Forged	36	293	68	301	default
Flanges,	71	293	107	301	default
except	35	301	64	309	default
Stub	66	301	86	309	default
End)	88	301	107	309	default
ReducingFlange	211	276	252	293	default
Low-Pressure	32	216	146	231	default
Stainless	151	216	226	231	default
Steel	231	216	273	231	default
Unthreaded	278	216	375	231	default
Pipe	380	216	417	231	default
Flanges	422	216	486	231	default
Bolt	284	233	302	243	default
two	305	233	322	243	default
flat-surface	325	233	377	243	default
flanges	380	233	413	243	default
or	416	233	426	243	default
two	428	233	445	243	default
raised-surface	448	233	515	243	default
flanges	517	233	551	243	default
of	554	233	563	243	default
the	565	233	580	243	default
same	583	233	608	243	default
size	611	233	629	243	default
together	631	233	670	243	default
with	673	233	692	243	default
a	695	233	701	243	default
gasket	273	243	304	252	default
(sold	307	243	329	252	default
separately	332	243	380	252	default
on	383	243	395	252	default
pages	398	243	426	252	default
3619-3624)	429	243	482	252	default
to	485	243	494	252	default
create	497	243	526	252	default
an	529	243	540	252	default
access	543	243	576	252	default
point	579	243	602	252	default
in	605	243	613	252	default
a	616	243	622	252	default
pipe	625	243	645	252	default
line	648	243	664	252	default
304	284	252	301	262	default
stainless	304	252	348	262	default
steel	351	252	375	262	default
flanges	378	252	412	262	default
offer	415	252	436	262	default
very	439	252	458	262	default
good	461	252	485	262	default
corrosion	489	252	532	262	default
resistance,	535	252	585	262	default
and	589	252	606	262	default
316	609	252	627	262	default
stainless	630	252	674	262	default
steel	677	252	701	262	default
flanges	273	262	307	272	default
have	309	262	332	272	default
excellent	335	262	376	272	default
corrosion	379	262	422	272	default
resistance	425	262	473	272	default
Butt-weld	284	272	333	281	default
flanges	336	272	371	281	default
are	374	272	389	281	default
also	392	272	411	281	default
known	415	272	446	281	default
as	450	272	461	281	default
weld-neck	464	272	513	281	default
flanges;	517	272	554	281	default
the	557	272	572	281	default
flange	576	272	604	281	default
neck	608	272	631	281	default
has	634	272	651	281	default
a	654	272	660	281	default
beveled	663	272	701	281	default
end	273	281	291	291	default
that,	294	281	315	291	default
when	318	281	343	291	default
flush	346	281	369	291	default
to	372	281	381	291	default
pipe,	384	281	408	291	default
creates	411	281	445	291	default
a	448	281	454	291	default
trough	457	281	487	291	default
for	491	281	503	291	default
a	506	281	512	291	default
strong	515	281	545	291	default
weld	548	281	570	291	default
Slip-on	576	281	612	291	default
weld	615	281	638	291	default
flanges	642	281	675	291	default
have	678	281	701	291	default
no	273	291	285	301	default
internal	288	291	322	301	default
stop;	324	291	348	301	default
slide	351	291	372	301	default
a	375	291	380	301	default
pipe	383	291	403	301	default
through	406	291	442	301	default
the	444	291	459	301	default
flange	462	291	490	301	default
and	493	291	510	301	default
weld	513	291	535	301	default
on	537	291	549	301	default
both	552	291	573	301	default
sides	576	291	600	301	default
Cap	606	291	626	301	default
flanges	628	291	662	301	default
are	664	291	679	301	default
also	682	291	701	301	default
known	273	301	304	311	default
as	307	301	318	311	default
blind	320	301	343	311	default
flanges	346	301	380	311	default
•	378	359	382	367	default
Pipe	386	358	406	368	default
Nipples	409	358	445	368	default
and	448	358	465	368	default
Pipe:	468	358	492	368	default
Use	495	358	513	368	default
unthreaded	516	358	569	368	default
Schedule	386	368	429	377	default
40	432	368	444	377	default
standard-wall	447	368	510	377	default
stainless	513	368	553	377	default
steel	556	368	578	377	default
(see	386	377	405	387	default
page	408	377	431	387	default
39)	434	377	448	387	default
Class	375	327	403	336	default
150	406	327	423	336	default
Cast	426	327	449	336	default
Flanges	452	327	491	336	default
Metric	32	717	64	727	default
Forged	67	717	102	727	default
Flanges	105	717	144	727	default
Meet	390	729	414	739	default
DIN	417	729	434	739	default
EN	437	729	451	739	default
1092-1	454	729	487	739	default
Pipe	53	70	74	79	default
size	76	70	94	79	default
is	97	70	105	79	default
not	107	70	122	79	default
an	125	70	136	79	default
actual	139	70	167	79	default
measured	170	70	216	79	default
size,	218	70	239	79	default
but	242	70	257	79	default
rather	260	70	287	79	default
an	290	70	301	79	default
industry	304	70	341	79	default
designation	343	70	397	79	default
Align	403	70	426	79	default
your	429	70	449	79	default
pipe	452	70	472	79	default
or	475	70	484	79	default
fitting	487	70	513	79	default
with	515	70	535	79	default
the	537	70	552	79	default
“0”	554	70	569	79	default
line	572	70	588	79	default
as	590	70	601	79	default
shown	604	70	634	79	default
The	640	70	657	79	default
line	660	70	676	79	default
on	679	70	690	79	default
the	43	79	57	89	default
opposite	60	79	101	89	default
edge	104	79	127	89	default
gives	130	79	155	89	default
the	158	79	172	89	default
pipe	175	79	196	89	default
size	199	79	217	89	default
You	223	79	240	89	default
can	243	79	260	89	default
also	263	79	282	89	default
measure	285	79	325	89	default
the	328	79	343	89	default
OD	346	79	361	89	default
of	364	79	373	89	default
your	376	79	397	89	default
pipe	400	79	420	89	default
and	423	79	441	89	default
butt-weld	444	79	488	89	default
fitting	491	79	517	89	default
or	520	79	530	89	default
the	533	79	547	89	default
ID	550	79	561	89	default
of	564	79	573	89	default
your	576	79	596	89	default
slip-on	599	79	631	89	default
weld	634	79	656	89	default
flange,	659	79	690	89	default
then	43	89	63	99	default
find	66	89	83	99	default
the	86	89	101	99	default
corresponding	104	89	171	99	default
pipe	174	89	194	99	default
size	197	89	215	99	default
in	218	89	226	99	default
the	229	89	243	99	default
chart	246	89	270	99	default
If	276	89	282	99	default
your	284	89	305	99	default
measurement	308	89	371	99	default
doesn’t	374	89	409	99	default
match	412	89	441	99	default
an	444	89	455	99	default
OD	458	89	473	99	default
or	476	89	485	99	default
ID	488	89	498	99	default
listed,	501	89	529	99	default
round	532	89	559	99	default
to	562	89	571	99	default
the	574	89	588	99	default
nearest	591	89	626	99	default
1/80	628	89	644	99	default
How	43	59	65	69	default
to	68	59	78	69	default
Measure	81	59	124	69	default
Pipe	127	59	149	69	default
Size	152	59	172	69	default
for	175	59	189	69	default
Unthreaded	192	59	250	69	default
Pipe	253	59	275	69	default
and	278	59	296	69	default
Fittings—Example	299	59	387	69	default
shows	390	59	420	69	default
pipe	423	59	443	69	default
size	446	59	464	69	default
3/8	467	59	478	69	default
for	481	59	494	69	default
pipe	497	59	517	69	default
and	520	59	537	69	default
pipe	540	59	560	69	default
size	563	59	581	69	default
1/2	584	59	596	69	default
for	599	59	611	69	default
flanges	614	59	648	69	default
To	58	184	69	194	default
measure	72	184	112	194	default
larger	115	184	141	194	default
pipe	144	184	164	194	default
sizes,	167	184	193	194	default
go	196	184	208	194	default
to	211	184	220	194	default
mcmaster	223	184	269	194	default
com	271	184	292	194	default
and	295	184	312	194	default
search	315	184	346	194	default
for	349	184	361	194	default
4347KAC	364	184	410	194	default
For	415	184	431	194	default
information	434	184	486	194	default
about	489	184	516	194	default
fittings	519	184	550	194	default
and	553	184	570	194	default
pipe,	573	184	596	194	default
see	599	184	616	194	default
pages	618	184	647	194	default
2-3	650	184	665	194	default
Pipe	394	158	415	167	default
Size:	418	158	442	167	default
ID:	428	170	442	179	default
Pipe	74	158	96	167	default
Size:	99	158	123	167	default
OD:	104	170	123	179	default
12	172	168	181	180	default
34	198	168	207	179	default
78	329	168	337	180	default
1	296	170	301	180	default
138	265	169	279	180	default
1	323	170	329	180	default
58	185	168	194	179	default
58	301	168	310	180	default
78	220	168	228	179	default
118	236	169	250	180	default
0	128	157	133	167	default
0	128	170	133	179	default
1	267	157	273	167	default
18	172	156	181	167	default
14	185	156	194	167	default
12	218	156	227	167	default
34	240	156	248	167	default
114	296	156	309	167	default
112	323	156	337	167	default
38	198	156	207	167	default
˝	336	168	339	179	default
˝	309	168	311	179	default
˝	278	168	280	179	default
˝	248	168	251	179	default
˝	226	168	229	179	default
˝	206	168	209	179	default
˝	193	168	196	179	default
˝	179	168	182	179	default
0	447	157	453	167	default
1	586	157	592	167	default
18	491	156	500	167	default
14	504	156	513	167	default
12	538	156	546	167	default
34	564	156	573	167	default
114	622	156	635	167	default
112	642	156	656	167	default
38	517	156	526	167	default
12	491	168	500	179	default
34	517	168	526	179	default
78	648	168	656	179	default
1	620	170	626	180	default
138	581	168	595	180	default
1	642	170	648	179	default
58	504	168	513	179	default
58	625	168	634	179	default
78	539	168	547	179	default
118	560	168	574	180	default
0	447	169	453	179	default
˝	655	168	658	179	default
˝	633	168	636	179	default
˝	594	168	596	179	default
˝	572	168	575	179	default
˝	546	168	548	179	default
˝	525	168	528	179	default
˝	512	168	515	179	default
˝	498	168	501	179	default
•	35	340	39	348	default
Use	43	338	61	348	default
with	64	338	83	348	default
air,	86	338	99	348	default
natural	102	338	134	348	default
gas,	137	338	156	348	default
oil,	159	338	173	348	default
steam,	176	338	207	348	default
water	210	338	236	348	default
•	378	340	382	348	default
Use	386	338	404	348	default
with	407	338	426	348	default
air,	429	338	442	348	default
natural	445	338	477	348	default
gas,	480	338	500	348	default
oil,	502	338	516	348	default
water	519	338	545	348	default
•	35	731	39	739	default
Use	43	729	61	739	default
with	64	729	83	739	default
air,	86	729	99	739	default
natural	102	729	134	739	default
gas,	137	729	156	739	default
oil,	159	729	173	739	default
steam,	176	729	207	739	default
water	210	729	236	739	default
•	35	398	39	406	default
Fittings:	43	397	80	406	default
Use	82	397	101	406	default
butt-weld	104	397	148	406	default
Schedule	151	397	195	406	default
40	197	397	209	406	default
standard-wall	43	406	106	416	default
stainless	109	406	149	416	default
steel	152	406	174	416	default
(see	177	406	196	416	default
page	199	406	222	416	default
36)	225	406	239	416	default
•	378	389	382	396	default
Fittings:	386	387	423	397	default
Use	426	387	444	397	default
butt-weld	447	387	491	397	default
Schedule	494	387	538	397	default
40	541	387	552	397	default
standard-wall	386	397	449	406	default
stainless	452	397	492	406	default
steel	495	397	517	406	default
(see	520	397	539	406	default
page	542	397	565	406	default
36)	568	397	582	406	default
Forged	46	420	80	429	default
flanges	84	420	118	429	default
have	122	420	144	429	default
better	148	420	176	429	default
strength	180	420	219	429	default
than	223	420	244	429	default
cast	247	420	267	429	default
flanges	271	420	306	429	default
Reducing	312	420	358	429	default
flanges	32	429	66	439	default
let	69	429	80	439	default
you	83	429	100	439	default
transition	103	429	146	439	default
your	149	429	170	439	default
piping	173	429	201	439	default
system	205	429	238	439	default
to	241	429	250	439	default
a	253	429	259	439	default
smaller	262	429	295	439	default
pipe	299	429	319	439	default
size	322	429	340	439	default
All	346	429	357	439	default
meet	32	439	55	449	default
ANSI/ASME	58	439	114	449	default
B16.5	117	439	145	449	default
Cast	386	410	408	420	default
flanges	412	410	446	420	default
are	451	410	465	420	default
also	470	410	489	420	default
called	494	410	522	420	default
MSS	526	410	549	420	default
flanges	554	410	588	420	default
All	595	410	607	420	default
meet	611	410	635	420	default
ASTM	640	410	669	420	default
A341	673	410	698	420	default
Slip-on	375	420	410	430	default
weld	413	420	436	430	default
flanges	439	420	472	429	default
meet	475	420	498	429	default
MSS	500	420	523	429	default
SP-51	525	420	554	429	default
Cap	560	420	580	430	default
flanges	582	420	616	429	default
meet	618	420	641	429	default
MSS	644	420	666	429	default
SP-42	669	420	698	429	default
Pipe	32	814	53	824	default
Size	32	824	52	834	default
Flange	154	814	185	824	default
OD,	154	824	172	834	default
mm	175	824	193	834	default
For	276	804	291	814	default
Bolt	294	804	313	814	default
Dia	276	814	291	824	default
(No	297	814	313	824	default
),	316	814	321	824	default
mm	276	824	294	834	default
Butt	413	824	434	834	default
Weld	437	824	461	834	default
Slip-On	513	824	550	834	default
Weld	553	824	577	834	default
Cap	643	824	663	834	default
304/304L	32	836	77	846	default
Stainless	80	836	125	846	default
Steel	128	836	153	846	default
1	37	846	43	856	default
115	154	846	171	856	default
12	276	846	287	856	default
(4)	290	846	301	856	default
1442N16	390	846	432	856	default
$102.22	447	846	484	856	default
1442N11	498	846	540	856	default
$80.00	560	846	592	856	default
1442N22	606	846	648	856	default
$84.44	669	846	701	856	default
2	37	856	43	865	default
165	154	856	171	865	default
16	276	856	287	865	default
(4)	290	856	301	865	default
1442N17	390	856	432	866	default
162.22	453	856	484	865	default
1442N12	498	856	540	866	default
133.33	560	856	592	865	default
1442N23	606	856	648	866	default
124.44	669	856	701	865	default
3	37	865	43	875	default
200	154	865	171	875	default
16	276	865	287	875	default
(8)	290	865	301	875	default
1442N18	390	866	432	875	default
229.09	453	865	484	875	default
1442N13	498	866	540	875	default
236.00	560	865	592	875	default
1442N24	606	866	648	875	default
236.00	669	865	701	875	default
4	37	875	43	885	default
220	154	875	171	885	default
16	276	875	287	885	default
(8)	290	875	301	885	default
1442N19	390	875	432	885	default
272.73	453	875	484	885	default
1442N14	498	875	540	885	default
262.00	560	875	592	885	default
1442N25	606	875	648	885	default
250.00	669	875	701	885	default
6	37	885	43	895	default
285	154	885	171	895	default
20	276	885	287	895	default
(8)	290	885	301	895	default
1442N21	390	885	432	895	default
570.91	453	885	484	895	default
1442N15	498	885	540	895	default
530.00	560	885	592	895	default
1442N26	606	885	648	895	default
527.27	669	885	701	895	default
316/316L	32	895	77	904	default
Stainless	80	895	125	904	default
Steel	128	895	153	904	default
1	37	904	43	914	default
115	154	904	171	914	default
12	276	904	287	914	default
(4)	290	904	301	914	default
1458N16	390	904	432	914	default
128.00	453	904	484	914	default
1458N11	498	904	540	914	default
96.00	566	904	592	914	default
1458N22	606	904	648	914	default
106.00	669	904	701	914	default
2	37	914	43	924	default
165	154	914	171	924	default
16	276	914	287	924	default
(4)	290	914	301	924	default
1458N17	390	914	432	924	default
206.00	453	914	484	924	default
1458N12	498	914	540	924	default
174.00	560	914	592	924	default
1458N23	606	914	648	924	default
150.00	669	914	701	924	default
3	37	924	43	934	default
200	154	924	171	934	default
16	276	924	287	934	default
(8)	290	924	301	934	default
1458N18	390	924	432	934	default
318.18	453	924	484	934	default
1458N13	498	924	540	934	default
310.91	560	924	592	934	default
1458N24	606	924	648	934	default
314.55	669	924	701	934	default
4	37	934	43	943	default
220	154	934	171	943	default
16	276	934	287	943	default
(8)	290	934	301	943	default
1458N19	390	934	432	943	default
398.18	453	934	484	943	default
1458N14	498	934	540	943	default
350.91	560	934	592	943	default
1458N25	606	934	648	943	default
354.55	669	934	701	943	default
6	37	943	43	953	default
285	154	943	171	953	default
20	276	943	287	953	default
(8)	290	943	301	953	default
1458N21	390	943	432	953	default
658.46	453	943	484	953	default
1458N15	498	943	540	953	default
603.33	560	943	592	953	default
1458N26	606	943	648	953	default
615.38	669	943	701	953	default
•	35	740	39	748	default
Maximum	43	739	88	749	default
Pressure:	91	739	135	749	default
230	138	739	155	749	default
psi	158	739	172	749	default
@	175	739	183	749	default
72°	186	739	201	749	default
F;	203	739	212	749	default
304/304L	43	749	87	758	default
SS:	89	749	106	758	default
125	109	749	126	758	default
psi	129	749	143	758	default
@	145	749	154	758	default
300°	157	749	178	758	default
F	179	749	185	758	default
for	188	749	201	758	default
steam	204	749	232	758	default
316/316L	43	758	87	768	default
SS:	89	758	106	768	default
145	109	758	126	768	default
psi	129	758	143	768	default
@	145	758	154	768	default
300°	157	758	178	768	default
F	179	758	185	768	default
for	188	758	201	768	default
steam	204	758	232	768	default
Pipe	375	487	396	497	default
Size	375	497	395	507	default
Flange	411	487	442	497	default
OD	411	497	426	507	default
For	453	487	468	497	default
Bolt	471	487	490	497	default
Dia	453	497	468	507	default
(No	474	497	490	507	default
)	493	497	495	507	default
Slip-On	513	497	550	507	default
Weld	553	497	577	507	default
Cap	643	497	663	507	default
304	375	509	393	519	default
Stainless	396	509	441	519	default
Steel	443	509	469	519	default
1/2	386	519	398	529	default
31/20	411	519	432	529	default
1/20	453	519	468	529	default
(4)	471	519	482	529	default
43505K341	498	519	552	529	default
$29.02	560	519	592	529	default
43505K381	606	519	659	529	default
$32.22	669	519	701	529	default
3/4	386	529	398	539	default
37/80	411	529	432	539	default
1/20	453	529	468	539	default
(4)	471	529	482	539	default
43505K342	498	529	552	539	default
30.63	566	529	592	539	default
43505K382	606	529	659	539	default
34.81	675	529	701	539	default
1	380	539	386	548	default
41/40	411	538	432	549	default
1/20	453	538	468	549	default
(4)	471	539	482	548	default
43505K343	498	539	552	548	default
40.86	566	539	592	548	default
43505K383	606	539	659	548	default
43.21	675	539	701	548	default
11/4	380	548	398	558	default
45/80	411	548	432	558	default
1/20	453	548	468	558	default
(4)	471	548	482	558	default
43505K344	498	548	552	558	default
46.40	566	548	592	558	default
43505K384	606	548	659	558	default
55.75	675	548	701	558	default
11/2	380	558	398	568	default
50	411	558	421	568	default
1/20	453	558	468	568	default
(4)	471	558	482	568	default
43505K345	498	558	552	568	default
57.10	566	558	592	568	default
43505K385	606	558	659	568	default
58.58	675	558	701	568	default
2	380	568	386	577	default
60	411	567	421	578	default
5/80	453	567	468	578	default
(4)	471	568	482	577	default
43505K346	498	568	552	577	default
68.13	566	568	592	577	default
43505K386	606	568	659	577	default
79.53	675	568	701	577	default
21/2	380	577	398	587	default
70	411	577	421	588	default
5/80	453	577	468	588	default
(4)	471	577	482	587	default
43505K347	498	577	552	587	default
92.70	566	577	592	587	default
43505K387	606	577	659	587	default
96.83	675	577	701	587	default
3	380	587	386	597	default
71/20	411	587	432	597	default
5/80	453	587	468	597	default
(4)	471	587	482	597	default
43505K348	498	587	552	597	default
99.74	566	587	592	597	default
43505K388	606	587	659	597	default
106.35	669	587	701	597	default
316	375	597	393	607	default
Stainless	396	597	441	607	default
Steel	443	597	468	607	default
1/2	386	606	398	616	default
31/20	411	606	432	617	default
1/20	453	606	468	617	default
(4)	471	607	482	616	default
43615K551	498	607	552	616	default
35.56	566	607	592	616	default
43615K571	606	607	659	616	default
37.49	675	607	701	616	default
3/4	386	616	398	626	default
37/80	411	616	432	626	default
1/20	453	616	468	626	default
(4)	471	616	482	626	default
43615K552	498	616	552	626	default
40.59	566	616	592	626	default
43615K572	606	616	659	626	default
43.43	675	616	701	626	default
1	380	626	386	636	default
41/40	411	626	432	636	default
1/20	453	626	468	636	default
(4)	471	626	482	636	default
43615K553	498	626	552	636	default
51.15	566	626	592	636	default
43615K573	606	626	659	636	default
51.48	675	626	701	636	default
11/4	380	636	398	645	default
45/80	411	635	432	646	default
1/20	453	635	468	646	default
(4)	471	636	482	645	default
43615K554	498	636	552	646	default
58.14	566	636	592	645	default
43615K574	606	636	659	646	default
65.94	675	636	701	645	default
11/2	380	645	398	655	default
50	411	645	421	656	default
1/20	453	645	468	656	default
(4)	471	645	482	655	default
43615K555	498	646	552	655	default
67.47	566	645	592	655	default
43615K575	606	646	659	655	default
72.51	675	645	701	655	default
2	380	655	386	665	default
60	411	655	421	665	default
5/80	453	655	468	665	default
(4)	471	655	482	665	default
43615K556	498	655	552	665	default
87.37	566	655	592	665	default
43615K576	606	655	659	665	default
96.38	675	655	701	665	default
21/2	380	665	398	675	default
70	411	665	421	675	default
5/80	453	665	468	675	default
(4)	471	665	482	675	default
43615K557	498	665	552	675	default
111.46	560	665	592	675	default
43615K577	606	665	659	675	default
121.45	669	665	701	675	default
3	380	675	386	684	default
71/20	411	674	432	685	default
5/80	453	674	468	685	default
(4)	471	675	482	684	default
43615K558	498	675	552	684	default
128.08	560	675	592	684	default
43615K578	606	675	659	684	default
149.51	669	675	701	684	default
•	378	350	382	357	default
Maximum	386	348	432	358	default
Pressure:	434	348	478	358	default
150	481	348	498	358	default
psi	501	348	515	358	default
@	518	348	526	358	default
72°	529	348	545	358	default
F	546	348	552	358	default
##LTFigure##	282	444	333	495	default
##LTFigure##	118	235	183	269	default
##LTFigure##	39	236	103	269	default
##LTFigure##	529	444	576	495	default
##LTFigure##	632	445	680	495	default
##LTFigure##	632	772	680	822	default
##LTFigure##	526	771	574	822	default
##LTFigure##	420	771	470	821	default
##LTFigure##	128	103	205	148	default
##LTFigure##	417	98	575	146	default
