31	709	960	729	973	default
Stainless	397	29	492	48	default
Steel	498	29	551	48	default
Pipe	558	29	604	48	default
Fittings	610	29	689	48	default
A	674	488	680	497	default
B	722	473	729	482	default
•	63	480	68	488	default
Maximum	71	478	117	488	default
Pressure:	120	478	163	488	default
See	166	478	184	488	default
table	187	478	210	488	default
•	63	470	68	478	default
Use	71	469	89	478	default
with	92	469	111	478	default
hydraulic	114	469	156	478	default
fluid,	159	469	182	478	default
oil,	185	469	198	478	default
and	201	469	218	478	default
water	221	469	247	478	default
Reducing	60	457	108	467	default
Thread	110	457	145	467	default
Adapters,	148	457	196	467	default
Female	199	457	235	467	default
@	235	459	244	466	default
Male	244	457	268	467	default
Pipe	74	514	95	524	default
Size	98	514	117	524	default
Max	182	514	202	524	default
psi	208	514	222	524	default
@	182	524	191	534	default
72°	193	524	209	534	default
F	210	524	216	534	default
(A)	60	524	73	534	default
(B)	120	524	132	534	default
1/8	60	536	72	546	default
1/4	120	536	131	546	default
2,900	182	536	208	546	default
4822T338	240	536	287	546	default
$17.13	315	536	347	546	default
1/4	60	546	72	556	default
1/8	120	546	131	556	default
2,900	182	546	208	556	default
4822T337	240	546	287	556	default
39.81	321	546	347	556	default
1/4	60	556	72	565	default
3/8	120	556	131	565	default
2,900	182	556	208	565	default
4822T343	240	556	287	566	default
22.85	321	556	347	565	default
1/4	60	565	72	575	default
1/2	120	565	131	575	default
2,900	182	565	208	575	default
4822T346	240	566	287	575	default
41.17	321	565	347	575	default
3/8	60	575	72	585	default
1/4	120	575	131	585	default
2,900	182	575	208	585	default
4822T341	240	575	287	585	default
43.00	321	575	347	585	default
3/8	60	585	72	595	default
1/2	120	585	131	595	default
2,900	182	585	208	595	default
4822T347	240	585	287	595	default
34.90	321	585	347	595	default
1/2	60	594	72	604	default
1/4	120	594	131	604	default
2,900	182	595	208	604	default
4822T342	240	595	287	604	default
53.15	321	595	347	604	default
Pipe	384	514	405	524	default
Size	408	514	427	524	default
Max	490	514	510	524	default
psi	515	514	529	524	default
@	490	524	498	534	default
72°	501	524	517	534	default
F	518	524	524	534	default
(A)	368	524	380	534	default
(B)	427	524	440	534	default
1/2	374	536	385	546	default
3/8	433	536	444	546	default
2,900	490	536	516	546	default
4822T345	548	536	594	546	default
$47.13	623	536	655	546	default
1/2	374	546	385	556	default
3/4	433	546	444	556	default
2,900	490	546	516	556	default
4822T351	548	546	594	556	default
63.96	629	546	655	556	default
3/4	374	556	385	565	default
1/2	433	556	444	565	default
2,900	490	556	516	565	default
4822T349	548	556	594	566	default
63.35	629	556	655	565	default
3/4	374	565	385	575	default
1	427	565	433	575	default
2,900	490	565	516	575	default
4822T354	548	566	594	575	default
94.17	629	565	655	575	default
1	368	575	374	585	default
3/4	433	575	444	585	default
2,900	490	575	516	585	default
4822T353	548	575	594	585	default
99.12	629	575	655	585	default
11/4	368	585	385	595	default
1	427	585	433	595	default
2,900	490	585	516	595	default
4822T356	548	585	594	595	default
139.81	623	585	655	595	default
NPT	328	504	349	514	default
@	350	506	358	514	default
BSPP	358	504	386	514	default
Pipe	77	634	97	643	default
Size	100	634	120	643	default
Max	182	634	202	643	default
psi	208	634	222	643	default
@	182	643	191	653	default
72°	193	643	209	653	default
F	210	643	216	653	default
(A)	60	643	73	653	default
(B)	120	643	132	653	default
1/8	60	656	72	665	default
1/4	126	656	137	665	default
3,000	182	656	208	665	default
4822T307	240	656	287	666	default
$13.60	315	656	347	665	default
1/8	60	665	72	675	default
3/8	126	665	137	675	default
3,000	182	665	208	675	default
4822T308	240	666	287	675	default
15.50	321	665	347	675	default
1/4	60	675	72	685	default
3/8	126	675	137	685	default
3,000	182	675	208	685	default
4822T309	240	675	287	685	default
15.75	321	675	347	685	default
1/4	60	685	72	695	default
1/2	126	685	137	695	default
3,000	182	685	208	695	default
4822T311	240	685	287	695	default
18.29	321	685	347	695	default
1/4	60	694	72	704	default
3/4	126	694	137	704	default
3,000	182	695	208	704	default
4822T313	240	695	287	704	default
24.79	321	695	347	704	default
3/8	60	707	72	717	default
1/2	126	707	137	717	default
3,000	182	707	208	717	default
4822T312	240	707	287	717	default
18.52	321	707	347	717	default
3/8	60	717	72	727	default
3/4	126	717	137	727	default
3,000	182	717	208	727	default
4822T314	240	717	287	727	default
25.02	321	717	347	727	default
3/8	60	726	72	736	default
1	120	727	126	736	default
3,000	182	727	208	736	default
4822T316	240	727	287	736	default
36.12	321	727	347	736	default
1/2	60	736	72	746	default
3/4	126	736	137	746	default
3,000	182	736	208	746	default
4822T315	240	736	287	746	default
25.27	321	736	347	746	default
1/2	60	746	72	756	default
1	120	746	126	756	default
3,000	182	746	208	756	default
4822T317	240	746	287	756	default
36.37	321	746	347	756	default
Pipe	384	634	405	643	default
Size	408	634	427	643	default
Max	490	634	510	643	default
psi	515	634	529	643	default
@	490	643	498	653	default
72°	501	643	517	653	default
F	518	643	524	653	default
(A)	368	643	380	653	default
(B)	427	643	440	653	default
3/4	374	656	385	665	default
1	427	656	433	665	default
3,000	490	656	516	665	default
4822T318	548	656	594	666	default
$37.83	623	656	655	665	default
3/4	374	665	385	675	default
11/4	427	665	444	675	default
2,500	490	665	516	675	default
4822T319	548	666	594	675	default
57.75	629	665	655	675	default
3/4	374	675	385	685	default
11/2	427	675	444	685	default
2,000	490	675	516	685	default
4822T322	548	675	594	685	default
66.29	629	675	655	685	default
1	368	688	374	697	default
11/4	427	688	444	697	default
2,500	490	688	516	697	default
4822T321	548	688	594	697	default
58.23	629	688	655	697	default
1	368	697	374	707	default
11/2	427	697	444	707	default
2,000	490	697	516	707	default
4822T323	548	697	594	707	default
66.77	629	697	655	707	default
1	368	707	374	717	default
2	427	707	433	717	default
2,000	490	707	516	717	default
4822T325	548	707	594	717	default
98.10	629	707	655	717	default
11/4	368	717	385	727	default
11/2	427	717	444	727	default
2,000	490	717	516	727	default
4822T324	548	717	594	727	default
69.52	629	717	655	727	default
11/4	368	726	385	736	default
2	427	727	433	736	default
2,000	490	727	516	736	default
4822T326	548	727	594	736	default
102.04	623	727	655	736	default
11/2	368	736	385	746	default
2	427	736	433	746	default
2,000	490	736	516	746	default
4822T327	548	736	594	746	default
102.52	623	736	655	746	default
BSPP	325	624	353	634	default
@	353	626	361	633	default
BSPT	361	624	389	634	default
Replacement	60	791	126	801	default
Washers	129	791	172	801	default
Washers	71	803	111	813	default
are	114	803	128	813	default
316	131	803	148	813	default
stainless	151	803	192	813	default
steel	195	803	217	813	default
and	219	803	237	813	default
have	240	803	262	813	default
a	265	803	271	813	default
Buna-N	273	803	309	813	default
gasket	312	803	343	813	default
to	346	803	355	813	default
prevent	358	803	393	813	default
leaks	396	803	420	813	default
(Continued)	535	59	601	71	default
A	668	104	674	113	default
B	722	90	729	98	default
Reducing	60	75	108	84	default
Thread	110	75	145	84	default
Adapters,	148	75	196	84	default
Male	199	75	223	84	default
(Cont	226	75	253	84	default
)	256	75	259	84	default
Extreme-Pressure	60	56	211	72	default
Stainless	216	56	291	72	default
Steel	296	56	338	72	default
Threaded	343	56	421	72	default
Pipe	426	56	463	72	default
Fittings	468	56	530	72	default
BSPT	325	91	352	100	default
@	352	92	361	100	default
BSPP	361	91	389	100	default
Pipe	74	100	95	110	default
Size	98	100	117	110	default
Max	182	100	202	110	default
psi	208	100	222	110	default
@	182	110	191	120	default
72°	193	110	209	120	default
F	210	110	216	120	default
(A)	60	110	73	120	default
(B)	120	110	132	120	default
1/4	60	122	72	132	default
1/8	120	122	131	132	default
2,900	182	122	208	132	default
4822T126	240	122	287	132	default
$31.25	315	122	347	132	default
3/8	60	132	72	142	default
1/4	120	132	131	142	default
2,900	182	132	208	142	default
4822T129	240	132	287	142	default
30.13	321	132	347	142	default
1/2	60	142	72	152	default
1/4	120	142	131	152	default
2,900	182	142	208	152	default
4822T131	240	142	287	152	default
38.62	321	142	347	152	default
1/2	60	151	72	161	default
3/8	120	151	131	161	default
2,900	182	152	208	161	default
4822T135	240	152	287	161	default
32.62	321	152	347	161	default
3/4	60	161	72	171	default
3/8	120	161	131	171	default
2,900	182	161	208	171	default
4822T136	240	161	287	171	default
78.79	321	161	347	171	default
3/4	60	171	72	181	default
1/2	120	171	131	181	default
2,900	182	171	208	181	default
4822T141	240	171	287	181	default
56.83	321	171	347	181	default
Pipe	384	100	405	110	default
Size	408	100	427	110	default
Max	490	100	510	110	default
psi	515	100	529	110	default
@	490	110	498	120	default
72°	501	110	517	120	default
F	518	110	524	120	default
(A)	368	110	380	120	default
(B)	427	110	440	120	default
1	368	122	374	132	default
1/2	433	122	444	132	default
2,900	490	122	516	132	default
4822T142	548	122	594	132	default
$95.52	623	122	655	132	default
1	368	132	374	142	default
3/4	433	132	444	142	default
2,900	490	132	516	142	default
4822T147	548	132	594	142	default
83.29	629	132	655	142	default
11/4	368	142	385	152	default
1	427	142	433	152	default
2,900	490	142	516	152	default
4822T152	548	142	594	152	default
116.27	623	142	655	152	default
11/2	368	151	385	161	default
1	427	152	433	161	default
2,900	490	152	516	161	default
4822T153	548	152	594	161	default
181.69	623	152	655	161	default
11/2	368	161	385	171	default
11/4	427	161	444	171	default
2,300	490	161	516	171	default
4822T156	548	161	594	171	default
155.46	623	161	655	171	default
2	368	171	374	181	default
11/2	427	171	444	181	default
1,800	490	171	516	181	default
4822T161	548	171	594	181	default
215.46	623	171	655	181	default
BSPP	328	200	356	210	default
@	357	202	365	210	default
NPT	365	200	386	210	default
Pipe	74	210	95	220	default
Size	98	210	117	220	default
Max	182	210	202	220	default
psi	208	210	222	220	default
@	182	220	191	229	default
72°	193	220	209	229	default
F	210	220	216	229	default
(A)	60	220	73	229	default
(B)	120	220	132	229	default
1/4	60	232	72	242	default
1/8	120	232	131	242	default
5,000	182	232	208	242	default
4822T203	240	232	287	242	default
$27.75	315	232	347	242	default
3/8	60	242	72	252	default
1/8	120	242	131	252	default
5,000	182	242	208	252	default
4822T206	240	242	287	252	default
45.63	321	242	347	252	default
3/8	60	251	72	261	default
1/4	120	251	131	261	default
5,500	182	252	208	261	default
4822T207	240	252	287	261	default
31.98	321	252	347	261	default
1/2	60	261	72	271	default
1/4	120	261	131	271	default
4,500	182	261	208	271	default
4822T211	240	261	287	271	default
48.08	321	261	347	271	default
1/2	60	271	72	281	default
3/8	120	271	131	281	default
4,500	182	271	208	281	default
4822T212	240	271	287	281	default
37.48	321	271	347	281	default
3/4	60	281	72	290	default
1/4	120	281	131	290	default
3,500	182	281	208	290	default
4822T215	240	281	287	291	default
84.10	321	281	347	290	default
3/4	60	290	72	300	default
1/2	120	290	131	300	default
3,500	182	290	208	300	default
4822T216	240	291	287	300	default
64.96	321	290	347	300	default
Pipe	384	210	405	220	default
Size	408	210	427	220	default
Max	490	210	510	220	default
psi	515	210	529	220	default
@	490	220	498	229	default
72°	501	220	517	229	default
F	518	220	524	229	default
(A)	368	220	380	229	default
(B)	427	220	440	229	default
1	368	232	374	242	default
1/2	433	232	444	242	default
3,000	490	232	516	242	default
4822T218	548	232	594	242	default
$91.44	623	232	655	242	default
1	368	242	374	252	default
3/4	433	242	444	252	default
3,000	490	242	516	252	default
4822T219	548	242	594	252	default
78.85	629	242	655	252	default
11/4	368	251	385	261	default
1	427	252	433	261	default
2,500	490	252	516	261	default
4822T224	548	252	594	261	default
137.56	623	252	655	261	default
11/2	368	261	385	271	default
1	427	261	433	271	default
2,000	490	261	516	271	default
4822T227	548	261	594	271	default
203.18	623	261	655	271	default
11/2	368	271	385	281	default
11/4	427	271	444	281	default
2,000	490	271	516	281	default
4822T228	548	271	594	281	default
163.17	623	271	655	281	default
2	368	281	374	290	default
11/2	427	281	444	290	default
2,000	490	281	516	290	default
4822T232	548	281	594	291	default
243.02	623	281	655	290	default
BSPP	325	320	353	330	default
@	353	322	361	330	default
BSPT	362	320	389	330	default
Pipe	74	330	95	340	default
Size	98	330	117	340	default
Max	182	330	202	340	default
psi	208	330	222	340	default
@	182	340	191	349	default
72°	193	340	209	349	default
F	210	340	216	349	default
(A)	60	340	73	349	default
(B)	120	340	132	349	default
1/4	60	352	72	362	default
1/8	120	352	131	362	default
2,900	182	352	208	362	default
4822T127	240	352	287	362	default
$27.75	315	352	347	362	default
3/8	60	362	72	372	default
1/8	120	362	131	372	default
2,900	182	362	208	372	default
4822T132	240	362	287	372	default
45.63	321	362	347	372	default
3/8	60	371	72	381	default
1/4	120	371	131	381	default
2,900	182	372	208	381	default
4822T133	240	372	287	381	default
31.98	321	372	347	381	default
1/2	60	381	72	391	default
1/4	120	381	131	391	default
2,900	182	381	208	391	default
4822T137	240	381	287	391	default
48.08	321	381	347	391	default
1/2	60	391	72	401	default
3/8	120	391	131	401	default
2,900	182	391	208	401	default
4822T138	240	391	287	401	default
37.48	321	391	347	401	default
3/4	60	401	72	410	default
1/4	120	401	131	410	default
2,900	182	401	208	410	default
4822T144	240	401	287	410	default
84.10	321	401	347	410	default
3/4	60	410	72	420	default
1/2	120	410	131	420	default
2,900	182	410	208	420	default
4822T145	240	410	287	420	default
64.96	321	410	347	420	default
Pipe	384	330	405	340	default
Size	408	330	427	340	default
Max	490	330	510	340	default
psi	515	330	529	340	default
@	490	340	498	349	default
72°	501	340	517	349	default
F	518	340	524	349	default
(A)	368	340	380	349	default
(B)	427	340	440	349	default
1	368	352	374	362	default
1/2	433	352	444	362	default
2,900	490	352	516	362	default
4822T148	548	352	594	362	default
$91.44	623	352	655	362	default
1	368	362	374	372	default
3/4	433	362	444	372	default
2,900	490	362	516	372	default
4822T149	548	362	594	372	default
78.85	629	362	655	372	default
11/4	368	371	385	381	default
1	427	372	433	381	default
2,300	490	372	516	381	default
4822T154	548	372	594	381	default
137.56	623	372	655	381	default
11/2	368	381	385	391	default
1	427	381	433	391	default
2,300	490	381	516	391	default
4822T157	548	381	594	391	default
210.02	623	381	655	391	default
11/2	368	391	385	401	default
11/4	427	391	444	401	default
1,800	490	391	516	401	default
4822T158	548	391	594	401	default
163.17	623	391	655	401	default
2	368	401	374	410	default
11/2	427	401	444	410	default
1,200	490	401	516	410	default
4822T162	548	401	594	410	default
243.02	623	401	655	410	default
BSPP	291	469	319	478	default
male	322	469	344	478	default
threads	347	469	382	478	default
have	385	469	407	478	default
a	410	469	415	478	default
Buna-N	418	469	454	478	default
gasket	457	469	488	478	default
and	491	469	509	478	default
a	512	469	517	478	default
316	520	469	538	478	default
stainless	541	469	581	478	default
steel	584	469	606	478	default
washer	609	469	642	478	default
to	645	469	655	478	default
prevent	280	478	315	488	default
leaks	318	478	342	488	default
For	348	478	363	488	default
replacement	366	478	424	488	default
washers	427	478	465	488	default
see	468	478	485	488	default
below	487	478	515	488	default
For	160	843	177	853	default
BSPP	180	843	208	853	default
Fittings	210	843	247	853	default
For	60	853	76	863	default
Pipe	79	853	99	863	default
Size	102	853	122	863	default
1/8	66	865	78	875	default
4822T401	240	866	287	875	default
$3.96	321	865	347	875	default
1/4	66	875	78	885	default
4822T402	240	875	287	885	default
4.40	327	875	347	885	default
3/8	66	885	78	895	default
4822T403	240	885	287	895	default
4.80	327	885	347	895	default
1/2	66	894	78	904	default
4822T404	240	895	287	904	default
4.80	327	895	347	904	default
3/4	66	904	78	914	default
4822T406	240	904	287	914	default
7.42	327	904	347	914	default
1	60	914	66	924	default
4822T407	240	914	287	924	default
11.10	321	914	347	924	default
11/4	60	924	78	934	default
4822T408	240	924	287	934	default
19.48	321	924	347	934	default
11/2	60	933	78	943	default
4822T409	240	934	287	943	default
24.28	321	934	347	943	default
2	60	943	66	953	default
4822T411	240	943	287	953	default
46.88	321	943	347	953	default
For	368	853	383	863	default
Thread	386	853	419	863	default
Size	421	853	441	863	default
M10	368	865	388	875	default
4822T414	548	866	594	875	default
$4.38	629	865	655	875	default
M12	368	875	388	885	default
4822T415	548	875	594	885	default
6.00	634	875	655	885	default
M14	368	885	388	895	default
4822T416	548	885	594	895	default
6.69	634	885	655	895	default
M16	368	895	388	904	default
4822T417	548	895	594	904	default
5.16	634	895	655	904	default
M18	368	904	388	914	default
4822T418	548	904	594	914	default
9.09	634	904	655	914	default
M20	368	914	388	924	default
4822T419	548	914	594	924	default
9.71	634	914	655	924	default
M22	368	924	388	934	default
4822T421	548	924	594	934	default
9.82	634	924	655	934	default
For	466	843	482	853	default
Metric	485	843	517	853	default
Fittings	520	843	557	853	default
##LTFigure##	682	470	730	501	default
##LTFigure##	694	805	729	840	default
##LTFigure##	675	88	729	114	default
