12	32	960	52	973	default
Stainless	72	29	167	48	default
Steel	173	29	227	48	default
Pipe	233	29	279	48	default
Nipples	286	29	364	48	default
&	370	29	385	48	default
Pipe	391	29	437	48	default
(Continued)	554	219	621	230	default
Pipe	53	70	74	79	default
size	76	70	94	79	default
is	97	70	105	79	default
not	107	70	122	79	default
an	125	70	136	79	default
actual	139	70	167	79	default
measured	170	70	216	79	default
size,	218	70	239	79	default
but	242	70	257	79	default
rather	260	70	287	79	default
an	290	70	301	79	default
industry	304	70	341	79	default
designation	343	70	397	79	default
Align	403	70	426	79	default
your	429	70	449	79	default
pipe	452	70	472	79	default
or	475	70	484	79	default
fitting	487	70	513	79	default
with	515	70	535	79	default
the	537	70	552	79	default
“0”	554	70	569	79	default
line	572	70	588	79	default
as	590	70	601	79	default
shown	604	70	634	79	default
The	640	70	657	79	default
line	660	70	676	79	default
on	679	70	690	79	default
the	43	79	57	89	default
opposite	60	79	101	89	default
edge	103	79	127	89	default
gives	129	79	154	89	default
the	156	79	171	89	default
pipe	174	79	194	89	default
size	197	79	215	89	default
You	220	79	238	89	default
can	240	79	257	89	default
also	260	79	279	89	default
measure	282	79	322	89	default
the	324	79	339	89	default
OD	342	79	357	89	default
of	360	79	369	89	default
male	372	79	394	89	default
threads	397	79	431	89	default
or	434	79	444	89	default
the	446	79	461	89	default
ID	464	79	474	89	default
of	476	79	485	89	default
female	488	79	519	89	default
threads,	522	79	560	89	default
then	562	79	583	89	default
find	586	79	603	89	default
the	606	79	620	89	default
corresponding	623	79	690	89	default
pipe	43	89	63	99	default
size	66	89	84	99	default
in	87	89	95	99	default
the	98	89	112	99	default
chart	115	89	139	99	default
If	145	89	150	99	default
your	153	89	174	99	default
measurement	177	89	240	99	default
doesn’t	243	89	278	99	default
match	280	89	310	99	default
an	312	89	324	99	default
OD	327	89	342	99	default
or	345	89	354	99	default
ID	357	89	367	99	default
listed,	370	89	398	99	default
round	401	89	428	99	default
to	431	89	440	99	default
the	443	89	457	99	default
nearest	460	89	494	99	default
1/80	497	89	513	99	default
How	43	59	65	69	default
to	68	59	78	69	default
Measure	81	59	124	69	default
Pipe	127	59	149	69	default
Size	152	59	172	69	default
for	175	59	189	69	default
NPT	192	59	213	69	default
or	216	59	226	69	default
BSP	229	59	250	69	default
Threads—Example	253	59	344	69	default
shows	347	59	377	69	default
pipe	380	59	400	69	default
size	403	59	421	69	default
3/8	424	59	435	69	default
To	58	184	69	194	default
measure	72	184	112	194	default
larger	115	184	141	194	default
pipe	144	184	164	194	default
sizes,	167	184	193	194	default
go	196	184	208	194	default
to	211	184	220	194	default
mcmaster	223	184	269	194	default
com	271	184	292	194	default
and	295	184	312	194	default
search	315	184	346	194	default
for	349	184	361	194	default
4464KAC	364	184	410	194	default
For	415	184	431	194	default
information	434	184	486	194	default
about	489	184	516	194	default
fittings	519	184	550	194	default
and	553	184	570	194	default
pipe,	573	184	596	194	default
see	599	184	616	194	default
pages	618	184	647	194	default
2-3	650	184	665	194	default
Pipe	394	156	415	166	default
Size:ID:	418	156	442	178	default
0	447	168	453	178	default
1	543	168	548	178	default
38	480	166	488	177	default
1	465	167	469	174	default
4	470	171	474	178	default
12	493	166	502	178	default
34	521	166	530	177	default
34	634	166	644	177	default
1	604	168	609	178	default
114	566	166	580	178	default
1	629	168	635	178	default
58	507	166	516	177	default
58	609	166	618	177	default
˝	642	166	645	177	default
˝	617	166	619	177	default
˝	579	166	581	177	default
˝	529	166	531	177	default
˝	515	166	517	177	default
˝	500	166	503	177	default
˝	487	166	489	177	default
˝	472	166	475	177	default
˝	548	167	551	178	default
0	446	156	452	166	default
1	571	156	576	166	default
18	480	154	489	165	default
116	464	154	477	165	default
14	493	154	502	165	default
12	521	154	530	165	default
34	542	154	551	165	default
114	604	154	617	166	default
112	629	154	643	166	default
38	507	154	516	165	default
Pipe	74	156	96	166	default
Size:OD:	99	156	123	178	default
0	128	156	133	166	default
0	128	168	133	178	default
1	263	156	269	166	default
1	296	156	302	166	default
1	325	156	331	166	default
1	238	168	244	177	default
1838	168	155	177	177	default
1161	153	155	166	173	default
4	158	170	162	177	default
14	181	155	190	166	default
14	302	155	311	166	default
12	181	166	190	177	default
12	213	155	222	166	default
12	330	155	339	166	default
34	213	166	222	177	default
34	236	155	245	166	default
114	259	166	272	178	default
3858	195	155	204	177	default
˝	272	166	274	177	default
1	297	168	303	178	default
˝	221	166	223	177	default
34˝	330	166	341	177	default
˝	203	166	205	177	default
58˝	303	166	313	177	default
1	324	168	330	178	default
˝	188	166	191	177	default
˝	176	166	179	177	default
˝	161	166	164	177	default
˝	243	166	246	178	default
•	164	263	168	271	default
Flanges:	171	262	211	272	default
Use	213	262	232	272	default
threaded	235	262	276	272	default
Class	279	262	305	272	default
150	308	262	325	272	default
low-pressure	171	272	232	281	default
stainless	234	272	275	281	default
steel	278	272	300	281	default
(see	171	281	190	291	default
page	193	281	216	291	default
9)	219	281	228	291	default
•	164	234	168	242	default
Fittings:	171	233	208	242	default
Use	211	233	229	242	default
threaded	232	233	274	242	default
Class	277	233	302	242	default
150	305	233	323	242	default
low-pressure	171	242	232	252	default
stainless	234	242	275	252	default
steel	278	242	300	252	default
(see	171	252	190	262	default
pages	193	252	222	262	default
4-9,	225	252	243	262	default
13)	246	252	260	262	default
Standard-Wall	32	216	149	231	default
Stainless	154	216	229	231	default
Steel	234	216	276	231	default
Threaded	281	216	359	231	default
Pipe	364	216	401	231	default
Nipples	406	216	467	231	default
and	473	216	503	231	default
Pipe	508	216	545	231	default
Fully	51	260	71	268	default
Threaded	73	260	113	268	default
Threaded	32	316	72	324	default
on	75	316	86	324	default
Both	88	316	108	324	default
Ends	111	316	132	324	default
Designed	366	233	411	243	default
for	414	233	426	243	default
low-pressure	430	233	490	243	default
flow	494	233	513	243	default
applications,	516	233	576	243	default
this	579	233	596	243	default
pipe	599	233	619	243	default
is	622	233	630	243	default
also	633	233	652	243	default
known	656	233	687	243	default
as	690	233	701	243	default
Schedule	356	243	399	252	default
40	402	243	414	252	default
Seamless	419	243	463	252	default
pipe	466	243	486	252	default
has	489	243	505	252	default
a	508	243	514	252	default
smooth	516	243	551	252	default
interior	554	243	586	252	default
for	588	243	601	252	default
unrestricted	604	243	659	252	default
flow	661	243	680	252	default
and	683	243	701	252	default
is	356	252	363	262	default
stronger	366	252	405	262	default
than	408	252	428	262	default
welded	431	252	465	262	default
pipe	468	252	488	262	default
Welded	494	252	529	262	default
pipe	532	252	552	262	default
has	555	252	572	262	default
a	574	252	580	262	default
weld	583	252	605	262	default
bead	608	252	631	262	default
on	634	252	646	262	default
the	649	252	663	262	default
inside	666	252	694	262	default
304	366	262	383	272	default
stainless	386	262	429	272	default
steel	432	262	455	272	default
pipe	458	262	477	272	default
offers	480	262	506	272	default
very	508	262	527	272	default
good	530	262	554	272	default
corrosion	556	262	599	272	default
resistance	601	262	648	272	default
316	653	262	670	272	default
stain-	673	262	701	272	default
less	356	272	376	281	default
steel	378	272	402	281	default
pipe	405	272	425	281	default
has	428	272	444	281	default
excellent	447	272	488	281	default
corrosion	491	272	534	281	default
resistance	537	272	584	281	default
Alloy	589	272	614	281	default
20	616	272	628	281	default
stainless	630	272	674	281	default
steel	677	272	701	281	default
pipe	356	281	376	291	default
has	379	281	395	291	default
the	397	281	412	291	default
best	414	281	434	291	default
corrosion	437	281	480	291	default
resistance	482	281	529	291	default
of	532	281	541	291	default
all	543	281	553	291	default
the	556	281	570	291	default
stainless	573	281	613	291	default
steel	615	281	637	291	default
pipe	640	281	660	291	default
we	662	281	675	291	default
offer	678	281	699	291	default
Alloy	356	291	379	301	default
20	381	291	393	301	default
stainless	396	291	436	301	default
steel	439	291	461	301	default
is	464	291	472	301	default
also	474	291	494	301	default
known	496	291	527	301	default
as	530	291	541	301	default
Carpenter	544	291	590	301	default
20	593	291	605	301	default
and	608	291	625	301	default
resists	628	291	658	301	default
cracking	661	291	701	301	default
from	356	301	377	311	default
stress	380	301	408	311	default
and	411	301	428	311	default
corrosion	431	301	475	311	default
Fully	366	311	390	320	default
threaded	393	311	439	320	default
pipe	442	311	463	320	default
is	466	311	474	320	default
also	477	311	497	320	default
known	500	311	532	320	default
as	535	311	546	320	default
a	550	311	555	320	default
close	559	311	584	320	default
nipple;	587	311	619	320	default
it	623	311	628	320	default
is	632	311	639	320	default
threaded	643	311	685	320	default
on	689	311	701	320	default
each	356	320	379	330	default
end	381	320	399	330	default
to	402	320	411	330	default
the	414	320	429	330	default
center	431	320	461	330	default
Pipe	32	539	53	549	default
Size	32	549	52	559	default
71/20	140	549	161	559	default
80	201	549	210	559	default
81/20	238	549	259	559	default
90	299	549	308	559	default
91/20	336	549	357	559	default
100	391	549	406	559	default
101/20	429	549	456	559	default
110	489	549	505	559	default
111/20	527	549	554	559	default
120	587	549	603	559	default
140	636	549	652	559	default
160	685	549	701	559	default
1/8	38	561	49	571	default
.4816K134	64	561	116	571	default
$7.73	135	561	161	571	default
$8.05	184	561	210	571	default
$8.58	233	561	259	571	default
$8.91	282	561	308	571	default
$9.49	331	561	357	571	default
$9.84	380	561	406	571	default
$9.96	429	561	455	571	default
$10.31	473	561	505	571	default
$11.13	522	561	554	571	default
$11.55	571	561	603	571	default
$11.07	620	561	652	571	default
$12.67	669	561	701	571	default
1/4	38	571	49	581	default
.4816K135	64	571	116	581	default
9.06	141	571	161	581	default
9.39	190	571	210	581	default
10.04	233	571	259	581	default
10.41	282	571	308	581	default
10.79	331	571	357	581	default
11.18	380	571	406	581	default
11.34	429	571	455	581	default
11.74	478	571	505	581	default
12.27	528	571	554	581	default
12.68	577	571	603	581	default
12.11	626	571	652	581	default
13.83	675	571	701	581	default
3/8	38	581	49	591	default
.4816K136	64	581	116	591	default
10.78	135	581	161	591	default
11.18	184	581	210	591	default
11.55	233	581	259	591	default
11.96	282	581	308	591	default
12.20	331	581	357	591	default
12.41	380	581	406	591	default
12.47	429	581	455	591	default
12.66	478	581	505	591	default
13.31	528	581	554	591	default
13.72	577	581	603	591	default
15.06	626	581	652	591	default
17.22	675	581	701	591	default
1/2	38	590	49	600	default
.4816K137	64	590	116	600	default
11.26	135	591	161	600	default
13.14	184	591	210	600	default
13.69	233	591	259	600	default
14.60	282	591	308	600	default
14.77	331	591	357	600	default
15.23	380	591	406	600	default
15.63	429	591	455	600	default
16.61	478	591	505	600	default
17.47	528	591	554	600	default
17.98	577	591	603	600	default
19.70	626	591	652	600	default
22.53	675	591	701	600	default
3/4	38	600	49	610	default
.4816K138	64	600	116	610	default
12.58	135	600	161	610	default
13.76	184	600	210	610	default
14.40	233	600	259	610	default
15.30	282	600	308	610	default
15.59	331	600	357	610	default
17.02	380	600	406	610	default
16.97	429	600	455	610	default
18.56	478	600	505	610	default
18.42	528	600	554	610	default
20.11	577	600	603	610	default
22.96	626	600	652	610	default
26.29	675	600	701	610	default
1	32	612	38	622	default
4816K139	68	612	116	622	default
16.91	135	612	161	622	default
18.53	184	612	210	622	default
18.82	233	612	259	622	default
20.59	282	612	308	622	default
21.57	331	612	357	622	default
22.92	380	612	406	622	default
23.54	429	612	455	622	default
25.01	478	612	505	622	default
27.07	528	612	554	622	default
27.11	577	612	603	622	default
31.28	626	612	652	622	default
35.73	675	612	701	622	default
11/4	32	622	49	632	default
.4816K141	64	622	116	632	default
22.44	135	622	161	632	default
23.85	184	622	210	632	default
25.00	233	622	259	632	default
26.56	282	622	308	632	default
27.87	331	622	357	632	default
29.61	380	622	406	632	default
30.42	429	622	455	632	default
32.32	478	622	505	632	default
35.03	528	622	554	632	default
35.03	577	622	603	632	default
40.06	626	622	652	632	default
45.80	675	622	701	632	default
11/2	32	631	49	641	default
.4816K142	64	631	116	641	default
24.69	135	632	161	641	default
27.04	184	632	210	641	default
27.51	233	632	259	641	default
30.09	282	632	308	641	default
31.55	331	632	357	641	default
33.52	380	632	406	641	default
34.46	429	632	455	641	default
36.61	478	632	505	641	default
37.33	528	632	554	641	default
39.67	577	632	603	641	default
47.25	626	632	652	641	default
53.99	675	632	701	641	default
2	32	641	38	651	default
4816K143	68	641	116	651	default
34.37	135	641	161	651	default
35.44	184	641	210	651	default
38.26	233	641	259	651	default
39.46	282	641	308	651	default
42.66	331	641	357	651	default
43.99	380	641	406	651	default
45.18	429	641	455	651	default
48.00	478	641	505	651	default
48.96	528	641	554	651	default
52.05	577	641	603	651	default
62.30	626	641	652	651	default
71.21	675	641	701	651	default
21/2	32	651	49	661	default
.4816K144	64	651	116	661	default
52.42	135	651	161	661	default
54.00	184	651	210	661	default
56.49	233	651	259	661	default
58.10	282	651	308	661	default
59.38	331	651	357	661	default
60.98	380	651	406	661	default
62.92	429	651	455	661	default
64.58	478	651	505	661	default
69.78	528	651	554	661	default
82.90	577	651	603	661	default
96.91	626	651	652	661	default
110.74	669	651	701	661	default
3	32	663	38	673	default
4816K145	68	663	116	673	default
59.76	135	663	161	673	default
62.90	184	663	210	673	default
66.13	233	663	259	673	default
69.61	282	663	308	673	default
73.26	331	663	357	673	default
77.15	380	663	406	673	default
79.66	429	663	455	673	default
83.85	478	663	505	673	default
86.00	528	663	554	673	default
90.53	577	663	603	673	default
122.21	620	663	652	673	default
139.66	669	663	701	673	default
4	32	673	38	682	default
4816K146	68	673	116	682	default
79.22	135	673	161	682	default
83.42	184	673	210	682	default
87.76	233	673	259	682	default
92.41	282	673	308	682	default
97.37	331	673	357	682	default
102.52	375	673	406	682	default
103.32	424	673	456	682	default
105.90	473	673	505	682	default
104.04	522	673	554	682	default
111.67	571	673	603	682	default
164.21	620	673	652	682	default
187.70	669	673	701	682	default
6	32	682	38	692	default
4816K147	68	682	116	692	default
297.34	130	682	161	692	default
316.04	179	682	210	692	default
323.23	228	682	259	692	default
336.19	277	682	308	692	default
349.14	326	682	357	692	default
362.08	375	682	406	692	default
375.04	424	682	455	692	default
387.99	473	682	504	692	default
400.93	522	682	554	692	default
413.87	571	682	603	692	default
465.67	620	682	652	692	default
517.46	669	682	701	692	default
Pipe	32	698	53	708	default
Size	32	708	52	718	default
180	146	708	161	718	default
200	195	708	210	718	default
220	244	708	259	718	default
240	293	708	308	718	default
300	342	708	357	718	default
360	391	708	406	718	default
420	440	708	456	718	default
480	489	708	505	718	default
540	538	708	554	718	default
600	587	708	603	718	default
720	636	708	652	718	default
1200	680	708	701	718	default
1/8	38	720	49	730	default
.4816K134	64	720	116	730	default
$14.31	130	720	161	730	default
$15.84	179	720	210	730	default
$17.44	228	720	259	730	default
$19.04	277	720	308	730	default
$27.78	326	720	357	730	default
$29.90	375	720	406	730	default
$36.47	424	720	456	730	default
$38.05	473	720	505	730	default
$46.91	522	720	554	730	default
$47.62	571	720	603	730	default
$57.03	620	720	652	730	default
$95.12	669	720	701	730	default
1/4	38	730	49	740	default
.4816K135	64	730	116	740	default
15.62	135	730	161	740	default
17.32	184	730	210	740	default
19.04	233	730	259	740	default
20.80	282	730	308	740	default
25.98	331	730	357	740	default
31.18	380	730	406	740	default
36.36	429	730	455	740	default
41.54	478	730	505	740	default
46.74	528	730	554	740	default
51.95	577	730	603	740	default
62.37	626	730	652	740	default
103.87	669	730	701	740	default
3/8	38	740	49	750	default
.4816K136	64	740	116	750	default
19.32	135	740	161	750	default
21.52	184	740	210	750	default
23.69	233	740	259	750	default
25.82	282	740	308	750	default
32.28	331	740	357	750	default
38.68	380	740	406	750	default
45.21	429	740	455	750	default
51.64	478	740	505	750	default
58.10	528	740	554	750	default
64.53	577	740	603	750	default
77.49	626	740	652	750	default
129.12	669	740	701	750	default
1/2	38	749	49	759	default
.4816K137	64	749	116	759	default
26.23	135	750	161	759	default
28.14	184	750	210	759	default
30.97	233	750	259	759	default
33.76	282	750	308	759	default
43.70	331	750	357	759	default
52.45	380	750	406	759	default
61.21	429	750	455	759	default
69.93	478	750	505	759	default
78.68	528	750	554	759	default
87.37	577	750	603	759	default
104.31	620	750	652	759	default
152.92	669	750	701	759	default
3/4	38	759	49	769	default
.4816K138	64	759	116	769	default
29.55	135	759	161	769	default
32.81	184	759	210	769	default
36.14	233	759	259	769	default
39.43	282	759	308	769	default
49.25	331	759	357	769	default
59.10	380	759	406	769	default
68.95	429	759	455	769	default
78.87	478	759	505	769	default
88.66	528	759	554	769	default
98.57	577	759	603	769	default
118.30	620	759	652	769	default
172.52	669	759	701	769	default
1	32	771	38	781	default
4816K139	68	771	116	781	default
40.16	135	771	161	781	default
44.70	184	771	210	781	default
49.16	233	771	259	781	default
53.61	282	771	308	781	default
66.98	331	771	357	781	default
80.40	380	771	406	781	default
93.77	429	771	455	781	default
107.16	473	771	505	781	default
120.56	522	771	554	781	default
133.99	571	771	603	781	default
160.78	620	771	652	781	default
234.51	669	771	701	781	default
11/4	32	781	49	791	default
.4816K141	64	781	116	791	default
51.51	135	781	161	791	default
57.22	184	781	210	791	default
62.93	233	781	259	791	default
68.67	282	781	308	791	default
85.80	331	781	357	791	default
102.96	375	781	406	791	default
120.12	424	781	456	791	default
137.31	473	781	505	791	default
146.09	522	781	554	791	default
150.15	571	781	603	791	default
180.24	620	781	652	791	default
300.36	669	781	701	791	default
11/2	32	790	49	800	default
.4816K142	64	790	116	800	default
60.77	135	791	161	800	default
67.51	184	791	210	800	default
74.26	233	791	259	800	default
80.97	282	791	308	800	default
101.30	326	791	357	800	default
121.53	375	791	406	800	default
141.83	424	791	456	800	default
162.06	473	791	505	800	default
172.48	522	791	554	800	default
177.30	571	791	603	800	default
212.66	620	791	652	800	default
354.46	669	791	701	800	default
2	32	800	38	810	default
4816K143	68	800	116	810	default
80.12	135	800	161	810	default
89.03	184	800	210	810	default
97.91	233	800	259	810	default
106.82	277	800	308	810	default
129.78	326	800	357	810	default
143.43	375	800	406	810	default
172.13	424	800	456	810	default
186.88	473	800	505	810	default
210.27	522	800	554	810	default
233.65	571	800	603	810	default
280.37	620	800	652	810	default
415.39	669	800	701	810	default
21/2	32	810	49	820	default
.4816K144	64	810	116	820	default
117.33	130	810	161	820	default
134.57	179	810	210	820	default
148.05	228	810	259	820	default
160.87	277	810	308	820	default
190.38	326	810	357	820	default
208.88	375	810	406	820	default
241.74	424	810	456	820	default
250.30	473	810	505	820	default
267.30	522	810	554	820	default
281.59	571	810	603	820	default
337.85	620	810	652	820	default
514.74	669	810	701	820	default
3	32	822	38	832	default
4816K145	68	822	116	832	default
157.17	130	822	161	832	default
174.58	179	822	210	832	default
181.95	228	822	259	832	default
188.58	277	822	308	832	default
235.71	326	822	357	832	default
282.87	375	822	406	832	default
293.34	424	822	456	832	default
301.77	473	822	505	832	default
377.13	522	822	554	832	default
393.29	571	822	603	832	default
403.26	620	822	652	832	default
672.07	669	822	701	832	default
4	32	832	38	841	default
4816K146	68	832	116	841	default
194.94	130	832	161	841	default
211.15	179	832	210	841	default
232.23	228	832	259	841	default
253.36	277	832	308	841	default
263.93	326	832	357	841	default
337.82	375	832	406	841	default
369.48	424	832	456	841	default
405.40	473	832	505	841	default
422.28	522	832	554	841	default
433.29	571	832	603	841	default
520.01	620	832	652	841	default
844.60	669	832	701	841	default
6	32	841	38	851	default
4816K147	68	841	116	851	default
570.26	130	841	161	851	default
621.07	179	841	210	851	default
672.85	228	841	259	851	default
722.88	277	841	308	851	default
837.06	326	841	357	851	default
946.42	375	841	406	851	default
1,081.73	415	841	456	851	default
1,118.38	464	841	505	851	default
1/8-3/8	366	347	393	356	default
pipe	396	347	415	356	default
sizes	418	347	441	356	default
are	443	347	458	356	default
seamless;	460	347	506	356	default
1/2-6	508	347	529	356	default
pipe	532	347	552	356	default
sizes	554	347	577	356	default
are	580	347	594	356	default
welded	596	347	629	356	default
All	635	347	646	356	default
meet	649	347	671	356	default
ANSI/	674	347	701	356	default
ASME	356	356	385	366	default
B1.20.1,	388	356	427	366	default
ASTM	430	356	458	366	default
A312,	461	356	488	366	default
and	491	356	508	366	default
ASTM	511	356	540	366	default
A733	543	356	567	366	default
•	35	348	39	356	default
Use	43	347	61	356	default
with	64	347	83	356	default
air,	86	347	99	356	default
natural	102	347	134	356	default
gas,	137	347	156	356	default
oil,	159	347	173	356	default
steam,	176	347	207	356	default
water	210	347	236	356	default
316/316L	32	335	77	345	default
Stainless	80	335	125	345	default
Steel	128	335	153	345	default
(Cont	156	335	183	345	default
)	185	335	189	345	default
NPT	296	370	317	380	default
Threaded	320	370	367	380	default
on	370	370	382	380	default
Both	385	370	409	380	default
Ends	411	370	436	380	default
Pipe	32	380	53	390	default
Size	32	390	52	400	default
11/20	140	390	161	400	default
20	201	390	210	400	default
21/20	238	390	259	400	default
30	299	390	308	400	default
31/20	336	390	357	400	default
40	397	390	406	400	default
41/20	434	390	456	400	default
50	495	390	505	400	default
51/20	532	390	554	400	default
60	593	390	603	400	default
61/20	631	390	652	400	default
70	691	390	701	400	default
1/8	38	402	49	412	default
.4816K134	64	402	116	412	default
$2.20	135	402	161	412	default
$2.64	184	402	210	412	default
$3.05	233	402	259	412	default
$3.50	282	402	308	412	default
$3.99	331	402	357	412	default
$4.43	380	402	406	412	default
$4.84	429	402	455	412	default
$5.29	478	402	505	412	default
$5.69	528	402	554	412	default
$6.14	577	402	603	412	default
$7.20	626	402	652	412	default
$7.20	675	402	701	412	default
1/4	38	412	49	422	default
.4816K135	64	412	116	422	default
2.36	141	412	161	422	default
2.85	190	412	210	422	default
3.33	239	412	259	422	default
3.86	288	412	308	422	default
4.51	337	412	357	422	default
5.04	386	412	406	422	default
5.57	435	412	455	422	default
6.06	484	412	505	422	default
6.59	533	412	554	422	default
7.12	582	412	603	422	default
8.38	631	412	652	422	default
8.38	680	412	701	422	default
3/8	38	422	49	432	default
.4816K136	64	422	116	432	default
2.77	141	422	161	432	default
3.33	190	422	210	432	default
3.94	239	422	259	432	default
4.55	288	422	308	432	default
5.33	337	422	357	432	default
5.94	386	422	406	432	default
6.55	435	422	455	432	default
7.16	484	422	505	432	default
7.77	533	422	554	432	default
8.38	582	422	603	432	default
9.96	631	422	652	432	default
9.96	680	422	701	432	default
1/2	38	431	49	441	default
.4816K137	64	431	116	441	default
3.58	141	432	161	441	default
4.27	190	432	210	441	default
5.08	239	432	259	441	default
5.90	288	432	308	441	default
6.91	337	432	357	441	default
7.73	386	432	406	441	default
8.58	435	432	455	441	default
9.39	484	432	505	441	default
10.21	528	432	554	441	default
11.02	577	432	603	441	default
11.68	626	432	652	441	default
12.08	675	432	701	441	default
3/4	38	441	49	451	default
.4816K138	64	441	116	451	default
4.03	141	441	161	451	default
4.76	190	441	210	451	default
5.69	239	441	259	451	default
6.59	288	441	308	451	default
7.73	337	441	357	451	default
8.66	386	441	406	451	default
9.56	435	441	455	451	default
10.49	478	441	505	451	default
11.39	528	441	554	451	default
12.32	577	441	603	451	default
13.03	626	441	652	451	default
13.03	675	441	701	451	default
1	32	453	38	463	default
4816K139	68	453	116	463	default
6.38	190	453	210	463	default
7.52	239	453	259	463	default
8.74	288	453	308	463	default
10.29	331	453	357	463	default
10.75	380	453	406	463	default
11.49	429	453	455	463	default
12.59	478	453	505	463	default
12.87	528	453	554	463	default
13.90	577	453	603	463	default
16.44	626	453	652	463	default
16.44	675	453	701	463	default
11/4	32	463	49	473	default
.4816K141	64	463	116	473	default
9.72	239	463	259	473	default
11.35	282	463	308	473	default
12.00	331	463	357	473	default
12.63	380	463	406	473	default
13.97	429	463	455	473	default
14.44	478	463	505	473	default
16.68	528	463	554	473	default
18.05	577	463	603	473	default
21.14	626	463	652	473	default
21.14	675	463	701	473	default
11/2	32	472	49	482	default
.4816K142	64	472	116	482	default
10.94	233	473	259	482	default
11.89	282	473	308	482	default
12.66	331	473	357	482	default
14.21	380	473	406	482	default
14.82	429	473	455	482	default
15.75	478	473	505	482	default
18.80	528	473	554	482	default
20.35	577	473	603	482	default
23.95	626	473	652	482	default
23.95	675	473	701	482	default
2	32	482	38	492	default
4816K143	68	482	116	492	default
12.92	233	482	259	492	default
13.97	282	482	308	492	default
16.47	331	482	357	492	default
18.46	380	482	406	492	default
20.48	429	482	455	492	default
22.51	478	482	505	492	default
24.50	528	482	554	492	default
26.52	577	482	603	492	default
31.43	626	482	652	492	default
31.43	675	482	701	492	default
21/2	32	492	49	502	default
.4816K144	64	492	116	502	default
24.57	282	492	308	502	default
28.45	331	492	357	502	default
31.53	380	492	406	502	default
34.24	429	492	455	502	default
37.33	478	492	505	502	default
40.42	528	492	554	502	default
43.51	577	492	603	502	default
51.16	626	492	652	502	default
51.16	675	492	701	502	default
3	32	504	38	513	default
4816K145	68	504	116	514	default
32.60	282	504	308	513	default
37.57	331	504	357	513	default
41.55	380	504	406	513	default
43.30	429	504	455	513	default
47.28	478	504	505	513	default
51.26	528	504	554	513	default
55.24	577	504	603	513	default
61.02	626	504	652	513	default
61.02	675	504	701	513	default
4	32	513	38	523	default
4816K146	68	514	116	523	default
45.60	331	513	357	523	default
52.26	380	513	406	523	default
57.13	429	513	456	523	default
58.81	479	513	505	523	default
61.99	528	513	554	523	default
65.03	577	513	603	523	default
74.43	626	513	652	523	default
76.44	675	513	701	523	default
6	32	523	38	533	default
4816K147	68	523	116	533	default
172.01	326	523	357	533	default
204.69	375	523	406	533	default
223.39	424	523	456	533	default
241.37	473	523	505	533	default
259.72	522	523	554	533	default
273.42	571	523	603	533	default
287.04	620	523	652	533	default
300.79	669	523	701	533	default
•	35	869	39	877	default
Use	43	868	61	877	default
with	64	868	83	877	default
air,	86	868	99	877	default
steam,	102	868	133	877	default
water	136	868	162	877	default
NPT	72	882	93	892	default
Fully	96	882	119	892	default
Threaded	122	882	169	892	default
Pipe	32	892	53	902	default
Size	56	892	75	902	default
Lg	92	892	103	902	default
1/2	38	904	49	914	default
11/80	92	904	113	914	default
2698K55	124	904	166	914	default
$25.47	177	904	209	914	default
3/4	38	914	49	924	default
13/80	92	914	113	924	default
2698K56	124	914	166	924	default
31.13	183	914	209	924	default
1	32	924	38	934	default
11/20	92	924	113	934	default
2698K57	124	924	166	934	default
41.74	183	924	209	934	default
11/2	32	933	49	943	default
13/40	92	933	113	944	default
2698K58	124	934	166	943	default
62.06	183	934	209	943	default
2	32	943	38	953	default
20	92	943	101	953	default
2698K59	124	943	166	953	default
82.43	183	943	209	953	default
Pipe	227	868	247	877	default
is	250	868	257	877	default
seamless	260	868	303	877	default
and	306	868	323	877	default
meets	326	868	354	877	default
ANSI/ASME	356	868	412	877	default
B36.10,	414	868	450	877	default
ANSI/ASME	453	868	508	877	default
SB729,	511	868	545	877	default
and	547	868	565	877	default
ASTM	567	868	595	877	default
B729	598	868	622	877	default
Alloy	32	856	56	866	default
20	59	856	71	866	default
Stainless	74	856	119	866	default
Steel	122	856	147	866	default
NPT	394	882	415	892	default
Threaded	418	882	465	892	default
on	467	882	480	892	default
Both	482	882	506	892	default
Ends	509	882	534	892	default
Pipe	227	892	248	902	default
Size	250	892	270	902	default
20	307	892	316	902	default
Lengths	319	892	359	902	default
30	414	892	423	902	default
Lengths	426	892	466	902	default
40	521	892	530	902	default
Lengths	533	892	573	902	default
60	628	892	637	902	default
Lengths	640	892	680	902	default
1/2	233	904	244	914	default
2698K34	286	904	328	914	default
$33.23	348	904	380	914	default
2698K38	393	904	435	914	default
$40.23	455	904	487	914	default
2698K44	500	904	542	914	default
$51.47	562	904	594	914	default
2698K49	607	904	649	914	default
$68.40	669	904	701	914	default
3/4	233	914	244	924	default
2698K35	286	914	328	924	default
37.00	354	914	380	924	default
2698K39	393	914	435	924	default
47.58	461	914	487	924	default
2698K45	500	914	542	924	default
55.21	568	914	594	924	default
2698K51	607	914	649	924	default
91.26	675	914	701	924	default
1	227	924	233	934	default
2698K36	286	924	328	934	default
50.25	354	924	380	934	default
2698K41	393	924	435	934	default
60.00	461	924	487	934	default
2698K46	500	924	542	934	default
82.74	568	924	594	934	default
2698K52	607	924	649	934	default
113.86	669	924	701	934	default
11/2	227	933	244	943	default
2698K37	286	934	328	943	default
70.87	354	934	380	943	default
2698K42	393	934	435	943	default
95.58	461	934	487	943	default
2698K47	500	934	542	943	default
99.55	568	934	594	943	default
2698K53	607	934	649	943	default
145.83	669	934	701	943	default
2	227	943	233	953	default
2698K43	393	943	435	953	default
119.32	455	943	487	953	default
2698K48	500	943	542	953	default
128.48	562	943	594	953	default
2698K54	607	943	649	953	default
189.91	669	943	701	953	default
##LTFigure##	438	104	522	141	default
##LTFigure##	130	104	201	145	default
##LTFigure##	66	234	111	259	default
##LTFigure##	34	278	143	312	default
