37	709	960	729	973	default
Stainless	289	29	383	48	default
Steel	390	29	443	48	default
Pipe	450	29	496	48	default
Fittings	502	29	580	48	default
&	587	29	602	48	default
Flanges	608	29	689	48	default
(Continued	309	943	372	954	default
on	375	943	390	954	default
following	393	943	445	954	default
page)	448	943	480	954	default
•	63	114	68	121	default
Flanges:	71	112	110	122	default
Use	113	112	131	122	default
unthreaded	134	112	187	122	default
Class	190	112	216	122	default
150	219	112	236	122	default
low-pressure	239	112	299	122	default
stainless	71	122	111	131	default
steel	114	122	136	131	default
(see	139	122	158	131	default
below	161	122	189	131	default
and	192	122	209	131	default
page	212	122	235	131	default
38)	238	122	253	131	default
•	63	94	68	102	default
Pipe	71	93	92	102	default
Nipples	94	93	130	102	default
and	133	93	150	102	default
Pipe:	153	93	177	102	default
Use	179	93	198	102	default
unthreaded	201	93	254	102	default
Schedule	256	93	300	102	default
40	71	102	82	112	default
standard-wall	85	102	148	112	default
stainless	151	102	192	112	default
steel	195	102	217	112	default
(see	219	102	239	112	default
page	241	102	265	112	default
39)	268	102	282	112	default
Pipe	60	195	81	205	default
Size	60	205	80	215	default
90°	226	205	242	215	default
Elbows	245	205	281	215	default
45°	334	205	350	215	default
Elbows	352	205	389	215	default
Tees	457	205	479	215	default
Straights	553	205	598	215	default
Unions	665	205	699	215	default
304	60	218	78	227	default
Stainless	81	218	126	227	default
Steel	129	218	154	227	default
1/2	71	227	83	237	default
4335T32	206	227	247	237	default
$8.79	275	227	301	237	default
4335T42	314	227	355	237	default
$10.81	377	227	408	237	default
4335T52	421	227	462	237	default
$11.88	483	227	515	237	default
4335T62	528	227	569	237	default
$7.93	596	227	622	237	default
4335T72	635	227	676	237	default
$24.71	697	227	729	237	default
3/4	71	237	83	247	default
4335T33	206	237	247	247	default
12.58	275	237	301	247	default
4335T43	314	237	355	247	default
15.82	382	237	408	247	default
4335T53	421	237	462	247	default
18.90	489	237	515	247	default
4335T63	528	237	569	247	default
11.47	596	237	622	247	default
4335T73	635	237	676	247	default
31.28	703	237	729	247	default
1	66	247	71	256	default
4335T34	206	247	247	256	default
17.84	275	247	301	256	default
4335T44	314	247	355	256	default
19.30	382	247	408	256	default
4335T54	421	247	462	256	default
24.11	489	247	515	256	default
4335T64	528	247	569	256	default
17.38	596	247	622	256	default
4335T74	635	247	676	256	default
47.20	703	247	729	256	default
11/4	66	256	83	266	default
4335T35	206	256	247	266	default
31.28	275	256	301	266	default
4335T45	314	256	355	266	default
30.88	382	256	408	266	default
4335T55	421	256	462	266	default
47.91	489	256	515	266	default
4335T65	528	256	569	266	default
27.64	596	256	622	266	default
4335T75	635	256	676	266	default
70.95	703	256	729	266	default
11/2	66	266	83	276	default
4335T36	206	266	247	276	default
41.64	275	266	301	276	default
4335T46	314	266	355	276	default
36.74	382	266	408	276	default
4335T56	421	266	462	276	default
59.58	489	266	515	276	default
4335T66	528	266	569	276	default
32.85	596	266	622	276	default
4335T76	635	266	676	276	default
80.23	703	266	729	276	default
2	66	276	71	286	default
4335T37	206	276	247	286	default
52.81	275	276	301	286	default
4335T47	314	276	355	286	default
51.70	382	276	408	286	default
4335T57	421	276	462	286	default
71.04	489	276	515	286	default
4335T67	528	276	569	286	default
46.29	596	276	622	286	default
4335T77	635	276	676	286	default
96.05	703	276	729	286	default
316	60	286	78	295	default
Stainless	81	286	126	295	default
Steel	129	286	154	295	default
1/2	71	295	83	305	default
43685K12	206	295	254	305	default
11.37	275	295	301	305	default
43685K22	314	295	362	305	default
13.54	382	295	408	305	default
43685K32	421	295	469	305	default
14.76	489	295	515	305	default
43685K52	528	295	576	305	default
9.15	602	295	622	305	default
43685K62	635	295	683	305	default
28.05	703	295	729	305	default
3/4	71	305	83	315	default
43685K13	206	305	254	315	default
16.52	275	305	301	315	default
43685K23	314	305	362	315	default
17.84	382	305	408	315	default
43685K33	421	305	469	315	default
21.78	489	305	515	315	default
43685K53	528	305	576	315	default
13.24	596	305	622	315	default
43685K63	635	305	683	315	default
35.58	703	305	729	315	default
1	66	315	71	324	default
43685K14	206	315	254	325	default
20.72	275	315	301	324	default
43685K24	314	315	362	325	default
22.34	382	315	408	324	default
43685K34	421	315	469	325	default
27.34	489	315	515	324	default
43685K54	528	315	576	325	default
19.76	596	315	622	324	default
43685K64	635	315	683	325	default
53.67	703	315	729	324	default
11/4	66	324	83	334	default
43685K17	206	325	254	334	default
35.53	275	324	301	334	default
43685K27	314	325	362	334	default
35.12	382	324	408	334	default
43685K37	421	325	469	334	default
54.43	489	324	515	334	default
43685K57	528	325	576	334	default
31.43	596	324	622	334	default
43685K67	635	325	683	334	default
80.45	703	324	729	334	default
11/2	66	334	83	344	default
43685K15	206	334	254	344	default
47.40	275	334	301	344	default
43685K25	314	334	362	344	default
41.74	382	334	408	344	default
43685K35	421	334	469	344	default
66.00	489	334	515	344	default
43685K55	528	334	576	344	default
37.34	596	334	622	344	default
43685K65	635	334	683	344	default
91.32	703	334	729	344	default
2	66	344	71	354	default
43685K16	206	344	254	354	default
59.93	275	344	301	354	default
43685K26	314	344	362	354	default
58.37	382	344	408	354	default
43685K36	421	344	469	354	default
81.90	489	344	515	354	default
43685K56	528	344	576	354	default
52.56	596	344	622	354	default
43685K66	635	344	683	354	default
108.88	697	344	729	354	default
The	326	73	343	83	default
highest-quality	347	73	417	83	default
socket-connect	421	73	495	83	default
fittings	498	73	530	83	default
available,	534	73	578	83	default
these	582	73	608	83	default
meet	611	73	635	83	default
ANSI/MSS	639	73	690	83	default
SP-114	693	73	729	83	default
standards	315	83	361	93	default
for	364	83	377	93	default
heat	380	83	400	93	default
treating,	403	83	441	93	default
material	444	83	481	93	default
thickness,	483	83	530	93	default
and	533	83	551	93	default
marking	554	83	591	93	default
Also	597	83	617	93	default
known	620	83	651	93	default
as	654	83	664	93	default
Class	667	83	693	93	default
150	696	83	713	93	default
fit-	716	83	729	93	default
tings,	315	93	340	102	default
they	343	93	362	102	default
are	365	93	379	102	default
designed	382	93	424	102	default
for	426	93	439	102	default
low-pressure	441	93	501	102	default
applications	503	93	559	102	default
Socket-connect	564	93	637	102	default
fittings	640	93	670	102	default
are	673	93	687	102	default
easier	690	93	717	102	default
to	720	93	729	102	default
weld	315	102	337	112	default
than	340	102	360	112	default
butt-weld	363	102	408	112	default
fittings	410	102	442	112	default
because	444	102	484	112	default
the	487	102	501	112	default
fitting	504	102	530	112	default
doesn’t	533	102	568	112	default
need	570	102	594	112	default
to	596	102	606	112	default
align	608	102	630	112	default
perfectly	633	102	673	112	default
to	676	102	685	112	default
the	688	102	703	112	default
pipe	706	102	726	112	default
Slide	315	112	338	122	default
pipe	341	112	361	122	default
into	364	112	382	122	default
the	385	112	399	122	default
socket	402	112	433	122	default
and	436	112	453	122	default
weld	456	112	478	122	default
for	481	112	494	122	default
a	497	112	502	122	default
strong,	505	112	537	122	default
permanent	540	112	590	122	default
connection	593	112	645	122	default
304	326	122	343	131	default
stainless	346	122	391	131	default
steel	394	122	419	131	default
fittings	422	122	454	131	default
have	457	122	480	131	default
very	483	122	503	131	default
good	506	122	530	131	default
corrosion	534	122	578	131	default
resistance	581	122	629	131	default
316	636	122	653	131	default
stainless	657	122	701	131	default
steel	704	122	729	131	default
fittings	315	131	346	141	default
have	349	131	371	141	default
excellent	374	131	416	141	default
corrosion	419	131	462	141	default
resistance	465	131	512	141	default
Unions	326	141	360	151	default
separate	363	141	404	151	default
into	406	141	424	151	default
three	427	141	450	151	default
pieces	453	141	483	151	default
for	486	141	499	151	default
access	502	141	535	151	default
to	537	141	547	151	default
your	550	141	570	151	default
line	573	141	589	151	default
Low-Pressure	60	56	174	72	default
Socket-Connect	179	56	310	72	default
Stainless	315	56	390	72	default
Steel	396	56	438	72	default
Unthreaded	443	56	540	72	default
Pipe	545	56	581	72	default
Fittings	586	56	648	72	default
Flat	662	425	678	434	default
Surface	681	425	713	434	default
on	670	434	681	442	default
Back	684	434	705	442	default
(Cast	650	442	672	450	default
Flanges	674	442	708	450	default
and	710	442	726	450	default
Forged	651	450	681	459	default
Stub	684	450	703	459	default
End)	706	450	725	459	default
Raised	577	425	606	434	default
Surface	608	425	641	434	default
on	592	434	602	442	default
Back	605	434	626	442	default
(Forged	573	442	606	450	default
Flanges,	609	442	644	450	default
except	573	450	601	459	default
Stub	604	450	624	459	default
End)	626	450	645	459	default
ReducingFlange	524	425	565	442	default
Low-Pressure	60	365	174	381	default
Stainless	179	365	254	381	default
Steel	259	365	301	381	default
Unthreaded	307	365	403	381	default
Pipe	409	365	445	381	default
Flanges	450	365	514	381	default
Bolt	71	382	89	392	default
two	92	382	110	392	default
flat-surface	113	382	165	392	default
flanges	168	382	202	392	default
or	205	382	214	392	default
two	217	382	234	392	default
raised-surface	237	382	304	392	default
flanges	307	382	340	392	default
of	343	382	352	392	default
the	355	382	370	392	default
same	373	382	398	392	default
size	401	382	419	392	default
together	422	382	461	392	default
with	464	382	484	392	default
a	487	382	492	392	default
gasket	60	392	91	402	default
(sold	94	392	117	402	default
separately	120	392	167	402	default
on	170	392	182	402	default
pages	185	392	213	402	default
3619-3624)	216	392	269	402	default
to	272	392	282	402	default
create	284	392	313	402	default
an	316	392	328	402	default
access	330	392	363	402	default
point	366	392	390	402	default
in	392	392	401	402	default
a	403	392	409	402	default
pipe	412	392	432	402	default
line	435	392	451	402	default
304	71	402	88	411	default
stainless	91	402	136	411	default
steel	139	402	163	411	default
flanges	166	402	200	411	default
offer	203	402	224	411	default
very	228	402	247	411	default
good	250	402	275	411	default
corrosion	278	402	322	411	default
resistance,	325	402	376	411	default
and	379	402	397	411	default
316	400	402	417	411	default
stainless	421	402	465	411	default
steel	468	402	492	411	default
flanges	60	411	94	421	default
have	97	411	119	421	default
excellent	122	411	163	421	default
corrosion	166	411	210	421	default
resistance	213	411	260	421	default
Butt-weld	71	421	119	431	default
flanges	122	421	156	431	default
are	158	421	173	431	default
also	175	421	194	431	default
known	197	421	228	431	default
as	231	421	241	431	default
weld-neck	244	421	293	431	default
flanges;	295	421	332	431	default
the	334	421	349	431	default
flange	352	421	380	431	default
neck	383	421	405	431	default
has	408	421	424	431	default
a	427	421	433	431	default
beveled	435	421	472	431	default
end	475	421	492	431	default
that,	60	431	82	440	default
when	85	431	111	440	default
flush	114	431	137	440	default
to	140	431	150	440	default
pipe,	153	431	177	440	default
creates	180	431	215	440	default
a	218	431	224	440	default
trough	228	431	258	440	default
for	262	431	275	440	default
a	278	431	284	440	default
strong	287	431	317	440	default
weld	321	431	343	440	default
Slip-on	350	431	385	441	default
weld	389	431	413	441	default
flanges	416	431	451	440	default
have	454	431	477	440	default
no	480	431	492	440	default
internal	60	440	95	450	default
stop;	97	440	121	450	default
slide	123	440	145	450	default
a	147	440	153	450	default
pipe	155	440	176	450	default
through	178	440	214	450	default
the	217	440	231	450	default
flange	234	440	262	450	default
and	265	440	282	450	default
weld	285	440	307	450	default
on	309	440	321	450	default
both	324	440	345	450	default
sides	347	440	372	450	default
Socket-connect	377	441	456	450	default
flanges	459	440	492	450	default
have	60	450	83	460	default
an	86	450	97	460	default
internal	100	450	134	460	default
stop	137	450	158	460	default
that	161	450	179	460	default
supports	182	450	223	460	default
the	226	450	240	460	default
pipe	243	450	264	460	default
when	267	450	292	460	default
welding	295	450	331	460	default
and	334	450	351	460	default
prevents	354	450	394	460	default
the	397	450	412	460	default
pipe	415	450	435	460	default
from	438	450	459	460	default
sliding	462	450	492	460	default
all	60	460	71	470	default
the	74	460	89	470	default
way	92	460	111	470	default
through	115	460	151	470	default
Stub-end	157	460	204	470	default
flanges	207	460	241	470	default
are	244	460	259	470	default
also	262	460	282	470	default
known	285	460	317	470	default
as	320	460	331	470	default
lap-joint	334	460	373	470	default
flanges;	376	460	413	470	default
use	416	460	433	470	default
them	436	460	460	470	default
with	464	460	483	470	default
a	486	460	492	470	default
stub-end	60	470	102	479	default
fitting	105	470	131	479	default
(not	133	470	151	479	default
included)	153	470	196	479	default
The	201	470	218	479	default
stub-end	221	470	263	479	default
fitting	265	470	291	479	default
slides	294	470	320	479	default
into	323	470	340	479	default
the	343	470	357	479	default
flange	360	470	388	479	default
and	390	470	408	479	default
welds	410	470	437	479	default
to	440	470	449	479	default
pipe	452	470	472	479	default
(not	475	470	492	479	default
the	60	479	75	489	default
flange)	78	479	108	489	default
Since	114	479	140	489	default
the	142	479	157	489	default
flange	160	479	188	489	default
isn’t	190	479	210	489	default
welded	212	479	246	489	default
to	248	479	257	489	default
the	260	479	275	489	default
pipe,	277	479	300	489	default
it	303	479	308	489	default
can	311	479	328	489	default
be	330	479	342	489	default
disconnected	345	479	407	489	default
easily	410	479	436	489	default
for	439	479	451	489	default
frequent	454	479	492	489	default
cleaning	60	489	99	499	default
and	102	489	120	499	default
inspecting	123	489	171	499	default
Cap	176	489	196	499	default
flanges	199	489	233	499	default
are	236	489	250	499	default
also	253	489	272	499	default
known	275	489	306	499	default
as	309	489	319	499	default
blind	322	489	345	499	default
flanges	348	489	381	499	default
Stub-EndFitting	599	589	639	605	default
(not	590	605	607	614	default
included)	609	605	648	614	default
•	63	538	68	546	default
Pipe	71	536	92	546	default
Nipples	94	536	130	546	default
and	133	536	150	546	default
Pipe:	153	536	177	546	default
Use	179	536	198	546	default
unthreaded	201	536	254	546	default
Schedule	256	536	300	546	default
40	71	546	82	556	default
standard-wall	85	546	148	556	default
stainless	151	546	192	556	default
steel	195	546	217	556	default
(see	219	546	239	556	default
page	241	546	265	556	default
39)	268	546	282	556	default
InternalStop	412	597	445	614	default
Class	60	505	88	515	default
150	91	505	108	515	default
Forged	111	505	146	515	default
Flanges	149	505	188	515	default
Forged	326	517	359	527	default
flanges	362	517	395	527	default
have	399	517	421	527	default
better	424	517	451	527	default
strength	455	517	493	527	default
than	496	517	517	527	default
cast	520	517	540	527	default
flanges	543	517	576	527	default
All	582	517	594	527	default
include	597	517	631	527	default
a	634	517	640	527	default
material	643	517	680	527	default
certificate	683	517	729	527	default
with	315	527	335	536	default
traceable	339	527	383	536	default
lot	386	527	398	536	default
number	402	527	438	536	default
and	442	527	460	536	default
test	464	527	481	536	default
report	485	527	514	536	default
Flanges	520	527	557	536	default
meet	561	527	585	536	default
ASTM	589	527	618	536	default
A182	622	527	646	536	default
and	650	527	668	536	default
ANSI/ASME	672	527	729	536	default
B16.5,	315	536	345	546	default
unless	348	536	378	546	default
noted	381	536	408	546	default
•	63	84	68	92	default
Maximum	71	83	117	93	default
Pressure:	120	83	163	93	default
150	166	83	183	93	default
psi	186	83	200	93	default
@	203	83	211	93	default
72°	214	83	230	93	default
F	231	83	237	93	default
•	63	528	68	536	default
Maximum	71	527	117	536	default
Pressure:	120	527	163	536	default
150	166	527	183	536	default
psi	186	527	200	536	default
@	203	527	211	536	default
72°	214	527	230	536	default
F	231	527	237	536	default
•	63	75	68	82	default
Use	71	73	89	83	default
with	92	73	111	83	default
air,	114	73	127	83	default
natural	130	73	162	83	default
gas,	165	73	185	83	default
oil,	187	73	201	83	default
water	204	73	230	83	default
•	63	518	68	526	default
Use	71	517	89	527	default
with	92	517	111	527	default
air,	114	517	127	527	default
natural	130	517	162	527	default
gas,	165	517	185	527	default
oil,	187	517	201	527	default
water	204	517	230	527	default
•	63	557	68	565	default
Fittings:	71	556	108	566	default
Use	111	556	129	566	default
butt-weld	132	556	176	566	default
Schedule	179	556	223	566	default
40	226	556	237	566	default
standard-	240	556	285	566	default
wall	71	566	89	575	default
stainless	92	566	132	575	default
steel	135	566	157	575	default
(see	160	566	179	575	default
page	182	566	205	575	default
36)	208	566	222	575	default
n	60	928	66	938	default
Does	70	928	94	938	default
not	97	928	112	938	default
meet	114	928	138	938	default
ANSI/ASME	141	928	197	938	default
B16.5	200	928	227	938	default
Pipe	60	621	81	631	default
Size	60	631	80	640	default
Flange	105	621	136	631	default
OD	105	631	120	640	default
For	152	621	168	631	default
Bolt	171	621	189	631	default
Dia	152	631	168	640	default
(No	173	631	190	640	default
)	193	631	195	640	default
Butt	229	631	250	641	default
Weld	253	631	278	641	default
Slip-On	328	631	365	641	default
Weld	368	631	393	641	default
Socket	428	631	462	641	default
Connect	465	631	507	641	default
Stub	553	631	575	641	default
End	578	631	598	641	default
Cap	672	631	692	641	default
304/304L	60	643	105	653	default
Stainless	108	643	153	653	default
Steel	156	643	181	653	default
1/2	77	653	89	663	default
31/20	111	653	132	663	default
1/20	152	653	168	663	default
(4)	171	653	182	663	default
44685K211	206	653	260	663	default
$34.41	269	653	301	663	default
44685K178	314	653	368	663	default
$29.58	375	653	406	663	default
44685K189	420	653	474	663	default
$31.36	484	653	515	663	default
44685K311	528	653	582	663	default
$31.17	590	653	622	663	default
44685K162	635	653	689	663	default
$30.00	697	653	729	663	default
3/4	77	663	89	672	default
37/80	111	662	132	673	default
1/20	152	662	168	673	default
(4)	171	663	182	672	default
44685K212	206	663	260	672	default
41.64	275	663	301	672	default
44685K179	314	663	368	672	default
32.16	380	663	406	672	default
44685K191	420	663	474	672	default
37.12	489	663	515	672	default
44685K312	528	663	582	672	default
32.30	596	663	622	672	default
44685K163	635	663	689	672	default
32.96	703	663	729	672	default
1	71	672	77	682	default
41/40	111	672	132	683	default
1/20	152	672	168	683	default
(4)	171	672	182	682	default
44685K222	206	672	260	682	default
45.27	275	672	301	682	default
44685K181	314	672	368	682	default
34.20	380	672	406	682	default
44685K192	420	672	474	682	default
38.82	489	672	515	682	default
44685K313	528	672	582	682	default
37.21	596	672	622	682	default
44685K164	635	672	689	682	default
34.98	703	672	729	682	default
11/4	71	682	89	692	default
45/80	111	682	132	692	default
1/20	152	682	168	692	default
(4)	171	682	182	692	default
44685K223	206	682	260	692	default
72.44	275	682	301	692	default
44685K182	314	682	368	692	default
48.06	380	682	406	692	default
44685K193	420	682	474	692	default
52.03	489	682	515	692	default
44685K314	528	682	582	692	default
60.24	596	682	622	692	default
44685K165	635	682	689	692	default
48.06	703	682	729	692	default
11/2	71	692	89	702	default
50	111	692	120	702	default
1/20	152	692	168	702	default
(4)	171	692	182	702	default
44685K224	206	692	260	702	default
63.38	275	692	301	702	default
44685K183	314	692	368	702	default
48.15	380	692	406	702	default
44685K194	420	692	474	702	default
54.93	489	692	515	702	default
44685K315	528	692	582	702	default
51.65	596	692	622	702	default
44685K166	635	692	689	702	default
50.35	703	692	729	702	default
2	71	704	77	714	default
60	111	704	120	715	default
5/80	152	704	168	715	default
(4)	171	704	182	714	default
44685K225	206	704	260	714	default
67.80	275	704	301	714	default
44685K184	314	704	368	714	default
60.32	380	704	406	714	default
44685K195	420	704	474	714	default
71.98	489	704	515	714	default
44685K316	528	704	582	714	default
62.53	596	704	622	714	default
44685K167	635	704	689	714	default
61.04	703	704	729	714	default
21/2	71	714	89	724	default
70	111	714	120	724	default
5/80	152	714	168	724	default
(4)	171	714	182	724	default
44685K226	206	714	260	724	default
108.42	269	714	301	724	default
44685K185	314	714	368	724	default
87.91	380	714	406	724	default
44685K196	420	714	474	724	default
108.82	484	714	515	724	default
44685K317	528	714	582	724	default
104.09	590	714	622	724	default
44685K168	635	714	689	724	default
91.31	703	714	729	724	default
3	71	724	77	734	default
71/20	111	724	132	734	default
5/80	152	724	168	734	default
(4)	171	724	182	734	default
44685K227	206	724	260	734	default
111.13	269	724	301	734	default
44685K186	314	724	368	734	default
91.02	380	724	406	734	default
44685K197	420	724	474	734	default
107.75	484	724	515	734	default
44685K318	528	724	582	734	default
94.33	596	724	622	734	default
44685K169	635	724	689	734	default
100.15	697	724	729	734	default
4	71	734	77	743	default
90	111	733	120	744	default
5/80	152	733	168	744	default
(8)	171	734	182	743	default
44685K228	206	734	260	743	default
168.87	269	734	301	743	default
44685K187	314	734	368	743	default
123.55	375	734	406	743	default
44685K198	420	734	474	743	default
n	475	734	481	744	default
149.35	484	734	515	743	default
44685K319	528	734	582	743	default
126.40	590	734	622	743	default
44685K171	635	734	689	743	default
139.22	697	734	729	743	default
6	71	743	77	753	default
110	105	743	120	753	default
3/40	152	743	168	753	default
(8)	171	743	182	753	default
44685K229	206	743	260	753	default
242.07	269	743	301	753	default
44685K188	314	743	368	753	default
189.68	375	743	406	753	default
44685K199	420	743	474	753	default
n	475	744	481	753	default
258.35	484	743	515	753	default
44685K161	528	743	582	753	default
195.88	590	743	622	753	default
44685K172	635	743	689	753	default
203.22	697	743	729	753	default
8	71	756	77	765	default
131/20	105	755	132	766	default
3/40	152	755	168	766	default
(8)	171	756	182	765	default
44685K175	206	756	260	766	default
433.84	269	756	301	765	default
44685K173	314	756	368	766	default
320.17	375	756	406	765	default
44685K174	420	756	474	766	default
n	475	756	481	766	default
458.68	484	756	515	765	default
44685K176	528	756	582	766	default
357.62	590	756	622	765	default
44685K177	635	756	689	766	default
366.17	697	756	729	765	default
10	66	765	77	775	default
160	105	765	120	776	default
7/80	152	765	168	776	default
(12)	171	765	188	775	default
44685K324	206	766	260	775	default
479.88	269	765	301	775	default
44685K322	314	766	368	775	default
356.05	375	765	406	775	default
44685K326	528	766	582	775	default
388.62	590	765	622	775	default
44685K328	635	766	689	775	default
458.94	697	765	729	775	default
12	66	775	77	785	default
190	105	775	120	785	default
7/80	152	775	168	785	default
(12)	171	775	188	785	default
44685K325	206	775	260	785	default
604.17	269	775	301	785	default
44685K323	314	775	368	785	default
484.17	375	775	406	785	default
44685K327	528	775	582	785	default
566.58	590	775	622	785	default
44685K329	635	775	689	785	default
579.48	697	775	729	785	default
316/316L	60	785	105	795	default
Stainless	108	785	153	795	default
Steel	156	785	181	795	default
1/2	77	794	89	804	default
31/20	111	794	132	805	default
1/20	152	794	168	805	default
(4)	171	795	182	804	default
44695K191	206	795	260	804	default
39.58	275	795	301	804	default
44695K168	314	795	368	804	default
32.28	380	795	406	804	default
44695K179	420	795	474	804	default
36.79	489	795	515	804	default
44695K212	528	795	582	804	default
38.22	596	795	622	804	default
44695K152	635	795	689	804	default
33.18	703	795	729	804	default
3/4	77	804	89	814	default
37/80	111	804	132	815	default
1/20	152	804	168	815	default
(4)	171	804	182	814	default
44695K192	206	804	260	814	default
50.88	275	804	301	814	default
44695K169	314	804	368	814	default
45.66	380	804	406	814	default
44695K181	420	804	474	814	default
43.88	489	804	515	814	default
44695K213	528	804	582	814	default
47.27	596	804	622	814	default
44695K153	635	804	689	814	default
44.45	703	804	729	814	default
1	71	814	77	824	default
41/40	111	814	132	824	default
1/20	152	814	168	824	default
(4)	171	814	182	824	default
44695K193	206	814	260	824	default
59.25	275	814	301	824	default
44695K171	314	814	368	824	default
45.57	380	814	406	824	default
44695K182	420	814	474	824	default
54.09	489	814	515	824	default
44695K214	528	814	582	824	default
48.65	596	814	622	824	default
44695K154	635	814	689	824	default
51.39	703	814	729	824	default
11/4	71	824	89	834	default
45/80	111	824	132	834	default
1/20	152	824	168	834	default
(4)	171	824	182	834	default
44695K194	206	824	260	834	default
84.12	275	824	301	834	default
44695K172	314	824	368	834	default
55.31	380	824	406	834	default
44695K183	420	824	474	834	default
69.91	489	824	515	834	default
44695K215	528	824	582	834	default
67.64	596	824	622	834	default
44695K155	635	824	689	834	default
54.92	703	824	729	834	default
11/2	71	833	89	843	default
50	111	833	120	844	default
1/20	152	833	168	844	default
(4)	171	834	182	843	default
44695K195	206	834	260	843	default
78.07	275	834	301	843	default
44695K173	314	834	368	843	default
60.32	380	834	406	843	default
44695K184	420	834	474	843	default
72.62	489	834	515	843	default
44695K216	528	834	582	843	default
63.38	596	834	622	843	default
44695K156	635	834	689	843	default
59.47	703	834	729	843	default
2	71	846	77	856	default
60	111	846	120	856	default
5/80	152	846	168	856	default
(4)	171	846	182	856	default
44695K196	206	846	260	856	default
91.84	275	846	301	856	default
44695K174	314	846	368	856	default
78.07	380	846	406	856	default
44695K185	420	846	474	856	default
91.49	489	846	515	856	default
44695K217	528	846	582	856	default
80.11	596	846	622	856	default
44695K157	635	846	689	856	default
97.73	703	846	729	856	default
21/2	71	856	89	865	default
70	111	855	120	866	default
5/80	152	855	168	866	default
(4)	171	856	182	865	default
44695K197	206	856	260	866	default
123.61	269	856	301	865	default
44695K175	314	856	368	866	default
108.82	375	856	406	865	default
44695K186	420	856	474	866	default
120.15	484	856	515	865	default
44695K218	528	856	582	866	default
121.67	590	856	622	865	default
44695K158	635	856	689	866	default
124.87	697	856	729	865	default
3	71	865	77	875	default
71/20	111	865	132	876	default
5/80	152	865	168	876	default
(4)	171	865	182	875	default
44695K198	206	866	260	875	default
160.92	269	865	301	875	default
44695K176	314	866	368	875	default
130.58	375	865	406	875	default
44695K187	420	866	474	875	default
139.23	484	865	515	875	default
44695K219	528	866	582	875	default
135.36	590	865	622	875	default
44695K159	635	866	689	875	default
132.65	697	865	729	875	default
4	71	875	77	885	default
90	111	875	120	885	default
5/80	152	875	168	885	default
(8)	171	875	182	885	default
44695K199	206	875	260	885	default
198.40	269	875	301	885	default
44695K177	314	875	368	885	default
167.72	375	875	406	885	default
44695K188	420	875	474	885	default
n	475	876	481	885	default
189.73	484	875	515	885	default
44695K221	528	875	582	885	default
173.50	590	875	622	885	default
44695K161	635	875	689	885	default
183.00	697	875	729	885	default
6	71	885	77	895	default
110	105	885	120	895	default
3/40	152	885	168	895	default
(8)	171	885	182	895	default
44695K211	206	885	260	895	default
305.77	269	885	301	895	default
44695K178	314	885	368	895	default
237.22	375	885	406	895	default
44695K189	420	885	474	895	default
n	475	885	481	895	default
349.53	484	885	515	895	default
44695K151	528	885	582	895	default
227.32	590	885	622	895	default
44695K162	635	885	689	895	default
265.42	697	885	729	895	default
8	71	897	77	907	default
131/20	105	897	132	908	default
3/40	152	897	168	908	default
(8)	171	897	182	907	default
44695K165	206	897	260	907	default
530.03	269	897	301	907	default
44695K163	314	897	368	907	default
441.83	375	897	406	907	default
44695K164	420	897	474	907	default
n	475	898	481	908	default
620.59	484	897	515	907	default
44695K166	528	897	582	907	default
458.57	590	897	622	907	default
44695K167	635	897	689	907	default
526.30	697	897	729	907	default
10	66	907	77	917	default
160	105	907	120	917	default
7/80	152	907	168	917	default
(12)	171	907	188	917	default
44695K253	206	907	260	917	default
593.71	269	907	301	917	default
44695K251	314	907	368	917	default
470.28	375	907	406	917	default
44695K255	528	907	582	917	default
523.25	590	907	622	917	default
44695K257	635	907	689	917	default
525.75	697	907	729	917	default
12	66	917	77	927	default
190	105	917	120	927	default
7/80	152	917	168	927	default
(12)	171	917	188	927	default
44695K254	206	917	260	927	default
844.72	269	917	301	927	default
44695K252	314	917	368	927	default
628.40	375	917	406	927	default
44695K256	528	917	582	927	default
704.32	590	917	622	927	default
44695K258	635	917	689	927	default
741.71	697	917	729	927	default
##LTFigure##	639	161	730	204	default
##LTFigure##	552	175	605	203	default
##LTFigure##	440	162	508	203	default
##LTFigure##	348	163	389	204	default
##LTFigure##	236	161	287	203	default
##LTFigure##	656	384	720	418	default
##LTFigure##	576	385	641	419	default
##LTFigure##	539	578	588	629	default
##LTFigure##	337	579	385	629	default
##LTFigure##	661	579	709	629	default
##LTFigure##	447	578	496	629	default
##LTFigure##	231	579	281	629	default
