51	709	960	729	973	default
Brass	293	29	352	48	default
and	359	29	397	48	default
Bronze	404	29	477	48	default
Pipe	484	29	530	48	default
Fittings	537	29	615	48	default
&	621	29	636	48	default
Pipe	643	29	689	48	default
Reducing	60	236	108	246	default
Thread	110	236	145	246	default
Adapters,	148	236	196	246	default
Female	199	236	235	246	default
@	235	238	244	245	default
Male—BrassAll	244	236	305	258	default
meet	280	248	303	258	default
ANSI/ASME	306	248	362	258	default
B1.20.3,	365	248	404	258	default
ASTM	407	248	435	258	default
B16,	438	248	460	258	default
and	463	248	480	258	default
SAE	483	248	503	258	default
J476	506	248	529	258	default
BSPP	266	258	294	267	default
male	297	258	319	267	default
threads	322	258	357	267	default
have	359	258	382	267	default
a	385	258	390	267	default
fluoroelastomer	393	258	465	267	default
gasket	468	258	499	267	default
to	502	258	511	267	default
protect	514	258	547	267	default
against	550	258	584	267	default
leaks	587	258	611	267	default
•	63	249	68	257	default
Maximum	71	248	117	258	default
Pressure:	120	248	163	258	default
250	166	248	183	258	default
psi	186	248	200	258	default
@	203	248	211	258	default
72°	214	248	230	258	default
F	231	248	237	258	default
Pipe	83	282	103	292	default
Size	106	282	126	292	default
NPT	253	290	274	300	default
@	274	292	283	300	default
BSPT	283	290	310	300	default
NPT	361	290	382	300	default
@	383	292	391	300	default
BSPP	391	290	419	300	default
BSPT	469	290	496	300	default
@	496	292	504	300	default
NPT	505	290	526	300	default
BSPP	575	290	603	300	default
@	603	292	612	300	default
NPT	612	290	633	300	default
(A)	60	290	73	300	default
(B)	115	290	127	300	default
1/16	66	303	82	313	default
1/8	120	303	132	313	default
1786N235	233	303	281	313	default
$5.33	305	303	331	313	default
1786N282	343	303	391	313	default
$7.56	412	303	438	313	default
1786N142	450	303	498	313	default
$5.33	519	303	545	313	default
1786N188	557	303	605	313	default
$5.33	626	303	652	313	default
1/16	66	313	82	322	default
1/4	120	313	132	322	default
1786N236	233	313	281	323	default
7.56	311	313	331	322	default
1786N283	343	313	391	323	default
9.78	417	313	438	322	default
1786N143	450	313	498	323	default
7.56	524	313	545	322	default
1786N189	557	313	605	323	default
7.56	631	313	652	322	default
1/16	66	322	82	332	default
3/8	120	322	132	332	default
1786N237	233	323	281	332	default
11.67	305	322	331	332	default
1786N284	343	323	391	332	default
13.89	412	322	438	332	default
1786N144	450	323	498	332	default
11.67	519	322	545	332	default
1786N191	557	323	605	332	default
11.67	626	322	652	332	default
1/16	66	332	82	342	default
1/2	120	332	132	342	default
1786N238	233	332	281	342	default
17.56	305	332	331	342	default
1786N285	343	332	391	342	default
19.78	412	332	438	342	default
1786N145	450	332	498	342	default
17.56	519	332	545	342	default
1786N192	557	332	605	342	default
17.56	626	332	652	342	default
1/16	66	342	82	352	default
3/4	120	342	132	352	default
1786N239	233	342	281	352	default
28.33	305	342	331	352	default
1786N286	343	342	391	352	default
30.56	412	342	438	352	default
1786N146	450	342	498	352	default
28.33	519	342	545	352	default
1786N193	557	342	605	352	default
28.33	626	342	652	352	default
1/16	66	352	82	361	default
1	115	352	120	361	default
1786N241	233	352	281	361	default
43.33	305	352	331	361	default
1786N287	343	352	391	361	default
45.56	412	352	438	361	default
1786N147	450	352	498	361	default
43.33	519	352	545	361	default
1786N194	557	352	605	361	default
43.33	626	352	652	361	default
1/8	66	364	78	374	default
1/16	120	364	136	374	default
1786N242	233	364	281	374	default
5.33	311	364	331	374	default
1786N288	343	364	391	374	default
7.56	417	364	438	374	default
1786N148	450	364	498	374	default
5.33	524	364	545	374	default
1786N195	557	364	605	374	default
5.33	631	364	652	374	default
1/8	66	374	78	384	default
1/4	120	374	132	384	default
1786N243	233	374	281	384	default
7.56	311	374	331	384	default
1786N289	343	374	391	384	default
9.78	417	374	438	384	default
1786N149	450	374	498	384	default
7.56	524	374	545	384	default
1786N196	557	374	605	384	default
7.56	631	374	652	384	default
1/8	66	383	78	393	default
3/8	120	383	132	393	default
1786N244	233	384	281	393	default
11.67	305	384	331	393	default
1786N291	343	384	391	393	default
13.89	412	384	438	393	default
1786N151	450	384	498	393	default
11.67	519	384	545	393	default
1786N197	557	384	605	393	default
11.67	626	384	652	393	default
1/8	66	393	78	403	default
1/2	120	393	132	403	default
1786N245	233	393	281	403	default
17.56	305	393	331	403	default
1786N292	343	393	391	403	default
19.78	412	393	438	403	default
1786N152	450	393	498	403	default
17.56	519	393	545	403	default
1786N198	557	393	605	403	default
17.56	626	393	652	403	default
1/8	66	403	78	413	default
3/4	120	403	132	413	default
1786N246	233	403	281	413	default
28.33	305	403	331	413	default
1786N293	343	403	391	413	default
30.56	412	403	438	413	default
1786N153	450	403	498	413	default
28.33	519	403	545	413	default
1786N199	557	403	605	413	default
28.33	626	403	652	413	default
1/8	66	413	78	422	default
1	115	413	120	422	default
1786N247	233	413	281	423	default
43.33	305	413	331	422	default
1786N294	343	413	391	423	default
45.56	412	413	438	422	default
1786N154	450	413	498	423	default
43.33	519	413	545	422	default
1786N201	557	413	605	423	default
43.33	626	413	652	422	default
1/4	66	425	78	435	default
1/16	120	425	136	435	default
1786N248	233	425	281	435	default
7.56	311	425	331	435	default
1786N295	343	425	391	435	default
9.78	417	425	438	435	default
1786N155	450	425	498	435	default
7.56	524	425	545	435	default
1786N202	557	425	605	435	default
7.56	631	425	652	435	default
1/4	66	435	78	445	default
1/8	120	435	132	445	default
1786N249	233	435	281	445	default
7.56	311	435	331	445	default
1786N296	343	435	391	445	default
9.78	417	435	438	445	default
1786N156	450	435	498	445	default
7.56	524	435	545	445	default
1786N203	557	435	605	445	default
7.56	631	435	652	445	default
1/4	66	445	78	454	default
3/8	120	445	132	454	default
1786N251	233	445	281	454	default
11.67	305	445	331	454	default
1786N297	343	445	391	454	default
13.89	412	445	438	454	default
1786N157	450	445	498	454	default
11.67	519	445	545	454	default
1786N204	557	445	605	454	default
11.67	626	445	652	454	default
1/4	66	454	78	464	default
1/2	120	454	132	464	default
1786N252	233	454	281	464	default
17.56	305	454	331	464	default
1786N298	343	454	391	464	default
19.78	412	454	438	464	default
1786N158	450	454	498	464	default
17.56	519	454	545	464	default
1786N205	557	454	605	464	default
17.56	626	454	652	464	default
1/4	66	464	78	474	default
3/4	120	464	132	474	default
1786N253	233	464	281	474	default
28.33	305	464	331	474	default
1786N299	343	464	391	474	default
30.56	412	464	438	474	default
1786N159	450	464	498	474	default
28.33	519	464	545	474	default
1786N206	557	464	605	474	default
28.33	626	464	652	474	default
1/4	66	474	78	484	default
1	115	474	120	484	default
1786N254	233	474	281	484	default
43.33	305	474	331	484	default
1786N311	343	474	391	484	default
45.56	412	474	438	484	default
1786N161	450	474	498	484	default
43.33	519	474	545	484	default
1786N207	557	474	605	484	default
43.33	626	474	652	484	default
3/8	66	486	78	496	default
1/16	120	486	136	496	default
1786N255	233	486	281	496	default
11.67	305	486	331	496	default
1786N312	343	486	391	496	default
13.89	412	486	438	496	default
1786N162	450	486	498	496	default
11.67	519	486	545	496	default
1786N208	557	486	605	496	default
11.67	626	486	652	496	default
3/8	66	496	78	506	default
1/8	120	496	132	506	default
1786N256	233	496	281	506	default
11.67	305	496	331	506	default
1786N313	343	496	391	506	default
13.89	412	496	438	506	default
1786N163	450	496	498	506	default
11.67	519	496	545	506	default
1786N209	557	496	605	506	default
11.67	626	496	652	506	default
3/8	66	506	78	516	default
1/4	120	506	132	516	default
1786N257	233	506	281	516	default
11.67	305	506	331	516	default
1786N314	343	506	391	516	default
13.89	412	506	438	516	default
1786N164	450	506	498	516	default
11.67	519	506	545	516	default
1786N211	557	506	605	516	default
11.67	626	506	652	516	default
3/8	66	515	78	525	default
1/2	120	515	132	525	default
1786N258	233	516	281	525	default
17.56	305	516	331	525	default
1786N315	343	516	391	525	default
19.78	412	516	438	525	default
1786N165	450	516	498	525	default
17.56	519	516	545	525	default
1786N212	557	516	605	525	default
17.56	626	516	652	525	default
3/8	66	525	78	535	default
3/4	120	525	132	535	default
1786N259	233	525	281	535	default
28.33	305	525	331	535	default
1786N316	343	525	391	535	default
30.56	412	525	438	535	default
1786N166	450	525	498	535	default
28.33	519	525	545	535	default
1786N213	557	525	605	535	default
28.33	626	525	652	535	default
3/8	66	535	78	545	default
1	115	535	120	545	default
1786N261	233	535	281	545	default
43.33	305	535	331	545	default
1786N317	343	535	391	545	default
45.56	412	535	438	545	default
1786N167	450	535	498	545	default
43.33	519	535	545	545	default
1786N214	557	535	605	545	default
43.33	626	535	652	545	default
1/2	66	547	78	557	default
1/16	120	547	136	557	default
1786N262	233	548	281	557	default
17.56	305	547	331	557	default
1786N318	343	548	391	557	default
19.78	412	547	438	557	default
1786N168	450	548	498	557	default
17.56	519	547	545	557	default
1786N215	557	548	605	557	default
17.56	626	547	652	557	default
1/2	66	557	78	567	default
1/8	120	557	132	567	default
1786N263	233	557	281	567	default
17.56	305	557	331	567	default
1786N319	343	557	391	567	default
19.78	412	557	438	567	default
1786N169	450	557	498	567	default
17.56	519	557	545	567	default
1786N216	557	557	605	567	default
17.56	626	557	652	567	default
1/2	66	567	78	577	default
1/4	120	567	132	577	default
1786N264	233	567	281	577	default
17.56	305	567	331	577	default
1786N321	343	567	391	577	default
19.78	412	567	438	577	default
1786N171	450	567	498	577	default
17.56	519	567	545	577	default
1786N217	557	567	605	577	default
17.56	626	567	652	577	default
1/2	66	577	78	586	default
3/8	120	577	132	586	default
1786N265	233	577	281	586	default
17.56	305	577	331	586	default
1786N322	343	577	391	586	default
19.78	412	577	438	586	default
1786N172	450	577	498	586	default
17.56	519	577	545	586	default
1786N218	557	577	605	586	default
17.56	626	577	652	586	default
1/2	66	586	78	596	default
3/4	120	586	132	596	default
1786N266	233	586	281	596	default
28.33	305	586	331	596	default
1786N323	343	586	391	596	default
30.56	412	586	438	596	default
1786N173	450	586	498	596	default
28.33	519	586	545	596	default
1786N219	557	586	605	596	default
28.33	626	586	652	596	default
1/2	66	596	78	606	default
1	115	596	120	606	default
1786N267	233	596	281	606	default
43.33	305	596	331	606	default
1786N324	343	596	391	606	default
45.56	412	596	438	606	default
1786N174	450	596	498	606	default
43.33	519	596	545	606	default
1786N221	557	596	605	606	default
43.33	626	596	652	606	default
3/4	66	608	78	618	default
1/16	120	608	136	618	default
1786N268	233	609	281	618	default
28.33	305	609	331	618	default
1786N325	343	609	391	618	default
30.56	412	609	438	618	default
1786N175	450	609	498	618	default
28.33	519	609	545	618	default
1786N222	557	609	605	618	default
28.33	626	609	652	618	default
3/4	66	618	78	628	default
1/8	120	618	132	628	default
1786N269	233	618	281	628	default
28.33	305	618	331	628	default
1786N326	343	618	391	628	default
30.56	412	618	438	628	default
1786N176	450	618	498	628	default
28.33	519	618	545	628	default
1786N223	557	618	605	628	default
28.33	626	618	652	628	default
3/4	66	628	78	638	default
1/4	120	628	132	638	default
1786N271	233	628	281	638	default
28.33	305	628	331	638	default
1786N327	343	628	391	638	default
30.56	412	628	438	638	default
1786N177	450	628	498	638	default
28.33	519	628	545	638	default
1786N224	557	628	605	638	default
28.33	626	628	652	638	default
3/4	66	638	78	647	default
3/8	120	638	132	647	default
1786N272	233	638	281	648	default
28.33	305	638	331	647	default
1786N328	343	638	391	648	default
30.56	412	638	438	647	default
1786N178	450	638	498	648	default
28.33	519	638	545	647	default
1786N225	557	638	605	648	default
28.33	626	638	652	647	default
3/4	66	647	78	657	default
1/2	120	647	132	657	default
1786N273	233	648	281	657	default
28.33	305	647	331	657	default
1786N329	343	648	391	657	default
30.56	412	647	438	657	default
1786N179	450	648	498	657	default
28.33	519	647	545	657	default
1786N226	557	648	605	657	default
28.33	626	647	652	657	default
3/4	66	657	78	667	default
1	115	657	120	667	default
1786N274	233	657	281	667	default
43.33	305	657	331	667	default
1786N331	343	657	391	667	default
45.56	412	657	438	667	default
1786N181	450	657	498	667	default
43.33	519	657	545	667	default
1786N227	557	657	605	667	default
43.33	626	657	652	667	default
1	60	670	66	679	default
1/16	120	670	136	679	default
1786N275	233	670	281	679	default
43.33	305	670	331	679	default
1786N332	343	670	391	679	default
45.56	412	670	438	679	default
1786N182	450	670	498	679	default
43.33	519	670	545	679	default
1786N228	557	670	605	679	default
43.33	626	670	652	679	default
1	60	679	66	689	default
1/8	120	679	132	689	default
1786N276	233	679	281	689	default
43.33	305	679	331	689	default
1786N333	343	679	391	689	default
45.56	412	679	438	689	default
1786N183	450	679	498	689	default
43.33	519	679	545	689	default
1786N229	557	679	605	689	default
43.33	626	679	652	689	default
1	60	689	66	699	default
1/4	120	689	132	699	default
1786N277	233	689	281	699	default
43.33	305	689	331	699	default
1786N334	343	689	391	699	default
45.56	412	689	438	699	default
1786N184	450	689	498	699	default
43.33	519	689	545	699	default
1786N231	557	689	605	699	default
43.33	626	689	652	699	default
1	60	699	66	709	default
3/8	120	699	132	709	default
1786N278	233	699	281	709	default
43.33	305	699	331	709	default
1786N335	343	699	391	709	default
45.56	412	699	438	709	default
1786N185	450	699	498	709	default
43.33	519	699	545	709	default
1786N232	557	699	605	709	default
43.33	626	699	652	709	default
1	60	709	66	718	default
1/2	120	708	132	718	default
1786N279	233	709	281	718	default
43.33	305	709	331	718	default
1786N336	343	709	391	718	default
45.56	412	709	438	718	default
1786N186	450	709	498	718	default
43.33	519	709	545	718	default
1786N233	557	709	605	718	default
43.33	626	709	652	718	default
1	60	718	66	728	default
3/4	120	718	132	728	default
1786N281	233	718	281	728	default
43.33	305	718	331	728	default
1786N337	343	718	391	728	default
45.56	412	718	438	728	default
1786N187	450	718	498	728	default
43.33	519	718	545	728	default
1786N234	557	718	605	728	default
43.33	626	718	652	728	default
Threaded	675	849	716	857	default
on	718	849	729	857	default
Both	685	857	705	865	default
Ends	708	857	729	865	default
•	63	783	68	791	default
Fittings:	71	781	108	791	default
Use	111	781	129	791	default
threaded	132	781	173	791	default
Class	176	781	202	791	default
250	205	781	222	791	default
medium-pressure	71	791	152	801	default
brass	155	791	181	801	default
(see	184	791	203	801	default
page	206	791	229	801	default
50	71	801	82	811	default
and	85	801	103	811	default
above)	106	801	137	811	default
•	63	773	68	781	default
Use	71	772	89	781	default
with	92	772	111	781	default
air,	114	772	127	781	default
natural	130	772	162	781	default
gas,	165	772	185	781	default
oil,	187	772	201	781	default
water	204	772	230	781	default
Thick-Wall	60	755	145	770	default
Brass	150	755	197	770	default
Threaded	202	755	280	770	default
Pipe	285	755	322	770	default
Nipples	327	755	388	770	default
and	394	755	424	770	default
Pipe	429	755	466	770	default
A	266	772	272	781	default
thick	275	772	297	781	default
wall	300	772	317	781	default
gives	320	772	344	781	default
this	346	772	363	781	default
Schedule	365	772	408	781	default
80	411	772	422	781	default
pipe	425	772	445	781	default
the	447	772	462	781	default
strength	465	772	502	781	default
to	505	772	514	781	default
handle	516	772	547	781	default
high-pressure	550	772	613	781	default
applications	255	781	312	791	default
It	318	781	324	791	default
is	327	781	335	791	default
brass	338	781	364	791	default
for	367	781	380	791	default
good	383	781	407	791	default
corrosion	410	781	454	791	default
resistance	457	781	505	791	default
Pipe	511	781	532	791	default
is	535	781	543	791	default
seamless	546	781	590	791	default
so	593	781	604	791	default
it	607	781	613	791	default
has	255	791	272	801	default
a	274	791	280	801	default
smooth	283	791	318	801	default
interior	320	791	352	801	default
for	355	791	368	801	default
unrestricted	370	791	425	801	default
flow	428	791	447	801	default
All	452	791	463	801	default
meet	466	791	489	801	default
ASTM	492	791	520	801	default
B43	523	791	542	801	default
and	544	791	562	801	default
lengths	565	791	598	801	default
up	601	791	613	801	default
to	255	801	265	811	default
120	267	801	283	811	default
also	286	801	305	811	default
meet	308	801	331	811	default
ASTM	334	801	362	811	default
B687	365	801	390	811	default
and	392	801	410	811	default
ANSI/ASME	413	801	469	811	default
B1.20.1	472	801	508	811	default
Fully	266	811	289	820	default
threaded	292	811	336	820	default
pipe	339	811	359	820	default
is	362	811	370	820	default
also	373	811	392	820	default
known	395	811	425	820	default
as	428	811	439	820	default
a	442	811	448	820	default
close	451	811	475	820	default
nipple;	478	811	509	820	default
it	512	811	518	820	default
is	521	811	528	820	default
threaded	531	811	573	820	default
on	576	811	588	820	default
each	590	811	613	820	default
end	255	820	273	830	default
to	276	820	285	830	default
the	288	820	302	830	default
center	305	820	335	830	default
Fully	666	797	686	805	default
Threaded	688	797	729	805	default
Thread	60	82	95	92	default
Adapters,	98	82	146	92	default
Female	149	82	185	92	default
@	185	84	193	91	default
Male—Brass	194	82	255	92	default
Medium-Pressure	60	56	207	72	default
Brass	212	56	259	72	default
and	264	56	294	72	default
Bronze	300	56	358	72	default
Threaded	363	56	441	72	default
Pipe	446	56	483	72	default
Fittings	488	56	550	72	default
•	63	95	68	103	default
Maximum	71	94	117	103	default
Pressure:	120	94	163	103	default
250	166	94	183	103	default
psi	186	94	200	103	default
@	203	94	211	103	default
72°	214	94	230	103	default
F	231	94	237	103	default
All	266	94	277	103	default
meet	280	94	303	103	default
ANSI/ASME	306	94	362	103	default
B1.20.3,	365	94	404	103	default
ASTM	407	94	435	103	default
B16,	438	94	460	103	default
and	463	94	480	103	default
SAE	483	94	503	103	default
J476,	506	94	531	103	default
except	534	94	566	103	default
NPTF×NPSM	569	94	631	103	default
BSPP	266	103	294	113	default
male	297	103	319	113	default
threads	322	103	357	113	default
have	359	103	382	113	default
a	385	103	390	113	default
fluoroelastomer	393	103	465	113	default
gasket	468	103	499	113	default
to	502	103	511	113	default
protect	514	103	547	113	default
against	550	103	584	113	default
leaks	587	103	611	113	default
NPTF	266	113	293	123	default
(Dryseal)	296	113	336	123	default
threads	339	113	374	123	default
are	376	113	391	123	default
compatible	394	113	446	123	default
with	448	113	468	123	default
NPT	471	113	491	123	default
threads	494	113	529	123	default
Pipe	60	131	81	141	default
Size	60	141	80	151	default
NPT	141	141	162	151	default
@	163	143	171	150	default
BSPP	171	141	199	151	default
NPT	252	141	273	151	default
@	273	143	281	150	default
BSPT	281	141	309	151	default
BSPP	358	141	386	151	default
@	387	143	395	150	default
NPT	395	141	416	151	default
BSPT	466	141	493	151	default
@	493	143	501	150	default
NPT	502	141	523	151	default
NPTF	569	141	596	151	default
@	597	143	605	150	default
NPSM	605	141	636	151	default
1/16	66	153	82	163	default
1786N134	120	153	168	163	default
$7.56	195	153	221	163	default
1786N126	233	153	281	163	default
$5.33	302	153	328	163	default
1786N118	343	153	391	163	default
$5.33	409	153	435	163	default
1786N111	450	153	498	163	default
$5.33	516	153	542	163	default
1/8	66	163	78	173	default
1786N135	120	163	168	173	default
7.56	201	163	221	173	default
1786N127	233	163	281	173	default
5.33	308	163	328	173	default
1786N119	343	163	391	173	default
5.33	414	163	435	173	default
1786N112	450	163	498	173	default
5.33	521	163	542	173	default
1/4	66	173	78	183	default
1786N136	120	173	168	183	default
9.78	201	173	221	183	default
1786N128	233	173	281	183	default
7.56	308	173	328	183	default
1786N121	343	173	391	183	default
7.56	414	173	435	183	default
1786N113	450	173	498	183	default
7.56	521	173	542	183	default
4685T33	557	173	598	183	default
$3.00	626	173	652	183	default
3/8	66	182	78	192	default
1786N137	120	183	168	192	default
13.89	195	183	221	192	default
1786N129	233	183	281	192	default
11.67	302	183	328	192	default
1786N122	343	183	391	192	default
11.67	409	183	435	192	default
1786N114	450	183	498	192	default
11.67	516	183	542	192	default
4685T34	557	183	598	192	default
2.87	631	183	652	192	default
1/2	66	192	78	202	default
1786N138	120	192	168	202	default
19.78	195	192	221	202	default
1786N131	233	192	281	202	default
17.56	302	192	328	202	default
1786N123	343	192	391	202	default
17.56	409	192	435	202	default
1786N115	450	192	498	202	default
17.56	516	192	542	202	default
4685T35	557	192	598	202	default
4.11	631	192	652	202	default
3/4	66	202	78	212	default
1786N139	120	202	168	212	default
30.56	195	202	221	212	default
1786N132	233	202	281	212	default
28.33	302	202	328	212	default
1786N124	343	202	391	212	default
28.33	409	202	435	212	default
1786N116	450	202	498	212	default
28.33	516	202	542	212	default
1	60	212	66	221	default
1786N141	120	212	168	222	default
45.56	195	212	221	221	default
1786N133	233	212	281	222	default
43.33	302	212	328	221	default
1786N125	343	212	391	222	default
43.33	409	212	435	221	default
1786N117	450	212	498	222	default
43.33	516	212	542	221	default
(Continued)	555	60	621	71	default
(Continued	309	943	372	954	default
on	375	943	390	954	default
following	393	943	445	954	default
page)	448	943	480	954	default
Pipe	60	871	81	880	default
Size	60	880	80	890	default
Lg	150	880	161	890	default
1/8	60	893	72	903	default
3/40	155	893	171	903	default
9149K11	246	893	288	903	default
$3.51	318	893	344	903	default
1/4	60	902	72	912	default
7/80	155	902	171	913	default
9149K12	246	903	288	912	default
4.11	324	903	344	912	default
3/8	60	912	72	922	default
10	150	912	159	922	default
9149K13	246	912	288	922	default
4.26	324	912	344	922	default
1/2	60	922	72	932	default
11/80	150	922	171	932	default
9149K14	246	922	288	932	default
5.69	324	922	344	932	default
3/4	60	932	72	941	default
13/80	150	931	171	942	default
9149K15	246	932	288	941	default
8.22	324	932	344	941	default
Pipe	362	871	383	880	default
Size	362	880	382	890	default
Lg	451	880	463	890	default
1	362	893	368	903	default
11/20	451	893	472	903	default
9149K16	548	893	590	903	default
$12.09	620	893	652	903	default
11/4	362	902	379	912	default
15/80	451	902	472	913	default
9149K17	548	903	590	912	default
18.25	626	903	652	912	default
11/2	362	912	379	922	default
13/40	451	912	472	922	default
9149K18	548	912	590	922	default
23.73	626	912	652	922	default
2	362	922	368	932	default
20	451	922	461	932	default
9149K19	548	922	590	932	default
36.14	626	922	652	932	default
2	362	932	368	941	default
1/2	371	932	386	941	default
21/20	451	931	472	942	default
9149K491	548	932	596	941	default
90.26	626	932	652	941	default
NPT	307	859	328	869	default
Fully	331	859	354	869	default
Threaded	357	859	404	869	default
##LTFigure##	672	250	729	279	default
##LTFigure##	652	814	730	845	default
##LTFigure##	688	772	730	794	default
##LTFigure##	679	96	729	125	default
