21	709	960	729	973	default
Stainless	397	29	492	48	default
Steel	498	29	551	48	default
Pipe	558	29	604	48	default
Fittings	610	29	689	48	default
•	63	97	68	105	default
Maximum	71	96	117	105	default
Pressure:	120	96	163	105	default
3,000	166	96	192	105	default
psi	195	96	209	105	default
@	211	96	220	105	default
72°	223	96	238	105	default
F;	240	96	249	105	default
600	71	105	88	115	default
psi	91	105	105	115	default
@	108	105	116	115	default
220°	119	105	140	115	default
F	142	105	148	115	default
for	150	105	163	115	default
steam	166	105	194	115	default
•	63	88	68	95	default
Use	71	86	89	96	default
with	92	86	111	96	default
air,	114	86	127	96	default
natural	130	86	162	96	default
gas,	165	86	185	96	default
oil,	187	86	201	96	default
steam,	204	86	235	96	default
water	238	86	264	96	default
High-Pressure	60	56	179	71	default
Stainless	184	56	259	71	default
Steel	264	56	306	71	default
Threaded	311	56	389	71	default
Pipe	394	56	431	71	default
Fittings	436	56	498	71	default
Pipe	60	144	81	154	default
Size	60	154	80	163	default
Drive	184	144	208	154	default
Size	184	154	203	163	default
1/16	66	166	82	176	default
5/320	184	166	204	176	default
1725K11	289	166	331	176	default
$2.87	360	166	386	176	default
1/8	66	176	78	185	default
3/160	184	175	204	186	default
1725K12	289	176	331	186	default
3.60	365	176	386	185	default
1/4	66	185	78	195	default
1/40	184	185	199	196	default
1725K13	289	186	331	195	default
4.50	365	185	386	195	default
3/8	66	195	78	205	default
5/160	184	195	204	205	default
1725K14	289	195	331	205	default
12.27	360	195	386	205	default
1/2	66	205	78	215	default
3/80	184	205	199	215	default
1725K15	289	205	331	215	default
23.14	360	205	386	215	default
3/4	66	215	78	224	default
9/160	184	214	204	225	default
1725K16	289	215	331	224	default
53.00	360	215	386	224	default
1	60	224	66	234	default
5/80	184	224	199	235	default
1725K17	289	224	331	234	default
120.00	354	224	386	234	default
NPT	60	74	81	84	default
Plugs	84	74	112	84	default
with	115	74	136	84	default
Hex	139	74	158	84	default
Drive	161	74	187	84	default
Plugs	71	119	97	128	default
are	101	119	115	128	default
hollow	119	119	149	128	default
and	153	119	171	128	default
made	174	119	201	128	default
of	204	119	213	128	default
347	217	119	234	128	default
stainless	238	119	279	128	default
steel	282	119	304	128	default
They	311	119	334	128	default
meet	60	128	84	138	default
MS-27769,	87	128	138	138	default
SAE	141	128	161	138	default
AS4842,	164	128	203	138	default
and	206	128	224	138	default
SAE	227	128	246	138	default
AS71051	249	128	292	138	default
(Continued	505	59	568	70	default
from	571	59	598	70	default
previous	601	59	649	70	default
page)	653	59	684	70	default
•	63	274	68	281	default
Maximum	71	272	117	282	default
Pressure:	120	272	163	282	default
304	71	282	88	291	default
SS:	91	282	107	291	default
2,500	110	282	136	291	default
psi	139	282	153	291	default
@	156	282	164	291	default
72°	167	282	183	291	default
F;	186	282	194	291	default
1,900	71	291	97	301	default
psi	100	291	113	301	default
@	116	291	125	301	default
350°	127	291	149	301	default
F	152	291	158	301	default
for	161	291	173	301	default
steam	176	291	205	301	default
316	71	301	88	311	default
SS:	91	301	107	311	default
3,000	110	301	136	311	default
psi	139	301	153	311	default
@	156	301	164	311	default
72°	167	301	183	311	default
F;	186	301	194	311	default
2,800	71	311	97	321	default
psi	100	311	113	321	default
@	116	311	125	321	default
350°	127	311	149	321	default
F	152	311	158	321	default
for	161	311	173	321	default
steam	176	311	205	321	default
Pipe	76	534	96	544	default
Size	99	534	118	544	default
304	223	534	241	544	default
Stainless	195	544	241	553	default
Steel	243	544	268	553	default
316	329	534	346	544	default
Stainless	301	544	346	553	default
Steel	349	544	374	553	default
(A)	60	544	73	553	default
(B)	122	544	135	553	default
1/4	66	556	78	566	default
1/8	122	556	133	566	default
4464K381	184	556	232	566	default
$4.62	254	556	280	566	default
4443K731	289	556	337	566	default
$5.03	360	556	386	566	default
3/8	66	566	78	575	default
1/8	122	566	133	575	default
4464K641	184	566	232	576	default
4.97	260	566	280	575	default
4443K751	289	566	337	576	default
5.51	365	566	386	575	default
3/8	66	575	78	585	default
1/4	122	575	133	585	default
4464K382	184	576	232	585	default
5.08	260	575	280	585	default
4443K732	289	576	337	585	default
5.79	365	575	386	585	default
1/2	66	585	78	595	default
1/8	122	585	133	595	default
4464K397	184	585	232	595	default
6.62	260	585	280	595	default
4443K411	289	585	337	595	default
7.43	365	585	386	595	default
1/2	66	595	78	605	default
1/4	122	595	133	605	default
4464K642	184	595	232	605	default
6.77	260	595	280	605	default
4443K752	289	595	337	605	default
7.62	365	595	386	605	default
1/2	66	607	78	617	default
3/8	122	607	133	617	default
4464K383	184	607	232	617	default
6.93	260	607	280	617	default
4443K733	289	607	337	617	default
7.81	365	607	386	617	default
3/4	66	617	78	627	default
1/8	122	617	133	627	default
4464K398	184	617	232	627	default
8.88	260	617	280	627	default
4443K412	289	617	337	627	default
9.83	365	617	386	627	default
3/4	66	627	78	637	default
1/4	122	627	133	637	default
4464K399	184	627	232	637	default
8.99	260	627	280	637	default
4443K413	289	627	337	637	default
9.94	365	627	386	637	default
3/4	66	636	78	646	default
3/8	122	636	133	646	default
4464K643	184	637	232	646	default
9.09	260	637	280	646	default
4443K754	289	637	337	646	default
10.06	360	637	386	646	default
3/4	66	646	78	656	default
1/2	122	646	133	656	default
4464K384	184	646	232	656	default
9.20	260	646	280	656	default
4443K734	289	646	337	656	default
10.17	360	646	386	656	default
1	60	659	66	669	default
1/8	122	659	133	669	default
4464K411	184	659	232	669	default
13.00	254	659	280	669	default
4443K414	289	659	337	669	default
14.24	360	659	386	669	default
1	60	669	66	678	default
1/4	122	668	133	678	default
4464K412	184	669	232	678	default
13.15	254	669	280	678	default
4443K415	289	669	337	678	default
14.47	360	669	386	678	default
1	60	678	66	688	default
3/8	122	678	133	688	default
4464K413	184	678	232	688	default
13.30	254	678	280	688	default
4443K416	289	678	337	688	default
14.63	360	678	386	688	default
1	60	688	66	698	default
1/2	122	688	133	698	default
4464K644	184	688	232	698	default
13.45	254	688	280	698	default
4443K757	289	688	337	698	default
14.96	360	688	386	698	default
1	60	698	66	707	default
3/4	122	698	133	707	default
4464K385	184	698	232	707	default
13.36	254	698	280	707	default
4443K735	289	698	337	707	default
15.31	360	698	386	707	default
11/4	60	710	78	720	default
1/8	122	710	133	720	default
4464K414	184	710	232	720	default
24.87	254	710	280	720	default
4443K441	289	710	337	720	default
33.31	360	710	386	720	default
11/4	60	720	78	730	default
1/4	122	720	133	730	default
4464K415	184	720	232	730	default
24.87	254	720	280	730	default
4443K417	289	720	337	730	default
32.58	360	720	386	730	default
11/4	60	729	78	739	default
3/8	122	729	133	739	default
4464K416	184	730	232	739	default
25.35	254	730	280	739	default
4443K418	289	730	337	739	default
32.94	360	730	386	739	default
11/4	60	739	78	749	default
1/2	122	739	133	749	default
4464K417	184	739	232	749	default
25.75	254	739	280	749	default
4443K419	289	739	337	749	default
33.31	360	739	386	749	default
11/4	60	749	78	759	default
3/4	122	749	133	759	default
4464K645	184	749	232	759	default
26.05	254	749	280	759	default
4443K759	289	749	337	759	default
33.31	360	749	386	759	default
Pipe	419	534	440	544	default
Size	443	534	462	544	default
304	560	534	577	544	default
Stainless	532	544	577	553	default
Steel	580	544	605	553	default
316	670	534	687	544	default
Stainless	642	544	687	553	default
Steel	690	544	715	553	default
(A)	404	544	416	553	default
(B)	461	544	473	553	default
11/4	404	556	421	566	default
1	461	556	466	566	default
4464K386	518	556	566	566	default
$26.37	587	556	619	566	default
4443K736	628	556	676	566	default
$34.06	697	556	729	566	default
11/2	404	566	421	575	default
1/8	466	566	478	575	default
4464K418	518	566	566	576	default
32.60	593	566	619	575	default
4443K442	628	566	676	576	default
39.47	703	566	729	575	default
11/2	404	575	421	585	default
1/4	466	575	478	585	default
4464K419	518	576	566	585	default
32.98	593	575	619	585	default
4443K443	628	576	676	585	default
37.73	703	575	729	585	default
11/2	404	585	421	595	default
3/8	466	585	478	595	default
4464K421	518	585	566	595	default
33.37	593	585	619	595	default
4443K421	628	585	676	595	default
38.62	703	585	729	595	default
11/2	404	595	421	605	default
1/2	466	595	478	605	default
4464K422	518	595	566	605	default
33.76	593	595	619	605	default
4443K422	628	595	676	605	default
39.04	703	595	729	605	default
11/2	404	607	421	617	default
3/4	466	607	478	617	default
4464K648	518	607	566	617	default
34.16	593	607	619	617	default
4443K423	628	607	676	617	default
39.04	703	607	729	617	default
11/2	404	617	421	627	default
1	461	617	466	627	default
4464K646	518	617	566	627	default
34.58	593	617	619	627	default
4443K762	628	617	676	627	default
39.47	703	617	729	627	default
11/2	404	627	421	637	default
11/4	461	627	478	637	default
4464K387	518	627	566	637	default
35.00	593	627	619	637	default
4443K737	628	627	676	637	default
40.37	703	627	729	637	default
2	404	637	409	646	default
3/8	466	636	478	646	default
4464K425	518	637	566	646	default
45.55	593	637	619	646	default
4443K446	628	637	676	646	default
53.78	703	637	729	646	default
2	404	646	409	656	default
1/2	466	646	478	656	default
4464K426	518	646	566	656	default
46.07	593	646	619	656	default
4443K424	628	646	676	656	default
54.38	703	646	729	656	default
2	404	659	409	669	default
3/4	466	659	478	669	default
4464K427	518	659	566	669	default
46.61	593	659	619	669	default
4443K425	628	659	676	669	default
55.00	703	659	729	669	default
2	404	669	409	678	default
1	461	669	466	678	default
4464K649	518	669	566	678	default
47.16	593	669	619	678	default
4443K426	628	669	676	678	default
55.63	703	669	729	678	default
2	404	678	409	688	default
11/4	461	678	478	688	default
4464K647	518	678	566	688	default
47.72	593	678	619	688	default
4443K764	628	678	676	688	default
56.28	703	678	729	688	default
2	404	688	409	698	default
11/2	461	688	478	698	default
4464K388	518	688	566	698	default
48.30	593	688	619	698	default
4443K738	628	688	676	698	default
56.94	703	688	729	698	default
21/2	404	698	421	707	default
2	461	698	466	707	default
4464K391	518	698	566	707	default
86.33	593	698	619	707	default
4443K427	628	698	676	707	default
119.82	697	698	729	707	default
3	404	710	409	720	default
1	461	710	466	720	default
4464K431	518	710	566	720	default
154.61	587	710	619	720	default
4443K449	628	710	676	720	default
213.40	697	710	729	720	default
3	404	720	409	730	default
2	461	720	466	730	default
4464K392	518	720	566	730	default
154.61	587	720	619	730	default
4443K739	628	720	676	730	default
213.40	697	720	729	730	default
3	404	730	409	739	default
21/2	461	729	478	739	default
4464K432	518	730	566	739	default
154.61	587	730	619	739	default
4443K114	628	730	676	739	default
213.40	697	730	729	739	default
4	404	739	409	749	default
2	461	739	466	749	default
4464K433	518	739	566	749	default
243.20	587	739	619	749	default
4443K115	628	739	676	749	default
290.80	697	739	729	749	default
4	404	749	409	759	default
3	461	749	466	759	default
4464K393	518	749	566	759	default
243.20	587	749	619	759	default
4443K553	628	749	676	759	default
290.80	697	749	729	759	default
Bushings,	334	524	383	533	default
Male	386	524	410	533	default
@	411	525	419	533	default
Female	419	524	455	533	default
Pipe	76	369	96	379	default
Size	99	369	118	379	default
304	223	369	241	379	default
Stainless	195	379	241	388	default
Steel	243	379	268	388	default
316	329	369	346	379	default
Stainless	301	379	346	388	default
Steel	349	379	374	388	default
(A)	60	379	73	388	default
(B)	122	379	135	388	default
1/4	66	391	78	401	default
1/8	122	391	133	401	default
45525K641	184	391	237	401	default
$7.13	254	391	280	401	default
4443K741	289	391	337	401	default
$11.12	355	391	386	401	default
3/8	66	401	78	411	default
1/8	122	401	133	411	default
45525K642	184	401	237	411	default
8.87	260	401	280	411	default
4443K771	289	401	337	411	default
10.85	360	401	386	411	default
3/8	66	410	78	420	default
1/4	122	410	133	420	default
45525K643	184	411	237	420	default
9.10	260	411	280	420	default
4443K742	289	411	337	420	default
10.85	360	411	386	420	default
1/2	66	420	78	430	default
1/8	122	420	133	430	default
45525K115	184	420	237	430	default
10.29	254	420	280	430	default
4443K116	289	420	337	430	default
13.28	360	420	386	430	default
1/2	66	430	78	440	default
1/4	122	430	133	440	default
45525K644	184	430	237	440	default
11.77	254	430	280	440	default
4443K772	289	430	337	440	default
14.47	360	430	386	440	default
1/2	66	442	78	452	default
3/8	122	442	133	452	default
45525K645	184	443	237	452	default
12.67	254	443	280	452	default
4443K743	289	443	337	452	default
14.47	360	443	386	452	default
3/4	66	452	78	462	default
1/4	122	452	133	462	default
45525K313	184	452	237	462	default
16.56	254	452	280	462	default
4443K313	289	452	337	462	default
19.77	360	452	386	462	default
3/4	66	462	78	472	default
3/8	122	462	133	472	default
45525K646	184	462	237	472	default
17.00	254	462	280	472	default
4443K774	289	462	337	472	default
20.02	360	462	386	472	default
3/4	66	472	78	481	default
1/2	122	472	133	481	default
45525K647	184	472	237	481	default
17.83	254	472	280	481	default
4443K744	289	472	337	481	default
20.28	360	472	386	481	default
1	60	481	66	491	default
1/4	122	481	133	491	default
45525K116	184	481	237	491	default
19.50	254	481	280	491	default
4443K117	289	481	337	491	default
30.17	360	481	386	491	default
Pipe	419	370	440	380	default
Size	443	370	462	380	default
304	560	370	577	380	default
Stainless	532	380	577	389	default
Steel	580	380	605	389	default
316	670	370	687	380	default
Stainless	642	380	687	389	default
Steel	690	380	715	389	default
(A)	404	380	416	389	default
(B)	461	380	473	389	default
1	404	392	409	402	default
1/2	466	392	478	402	default
45525K648	518	392	572	402	default
$24.55	587	392	619	402	default
4443K777	628	392	676	402	default
$32.87	697	392	729	402	default
1	404	402	409	412	default
3/4	466	402	478	412	default
45525K649	518	402	572	412	default
25.18	593	402	619	412	default
4443K745	628	402	676	412	default
32.87	703	402	729	412	default
11/4	404	411	421	421	default
3/4	466	411	478	421	default
45525K651	518	412	572	421	default
46.32	593	412	619	421	default
4443K779	628	412	676	421	default
64.96	703	412	729	421	default
11/4	404	421	421	431	default
1	461	421	466	431	default
45525K652	518	421	572	431	default
47.50	593	421	619	431	default
4443K746	628	421	676	431	default
64.96	703	421	729	431	default
11/2	404	431	421	441	default
1/2	466	431	478	441	default
45525K117	518	431	572	441	default
54.58	593	431	619	441	default
4443K118	628	431	676	441	default
72.70	703	431	729	441	default
11/2	404	443	421	453	default
1	461	444	466	453	default
45525K653	518	444	572	453	default
60.84	593	444	619	453	default
4443K782	628	444	676	453	default
73.37	703	444	729	453	default
11/2	404	453	421	463	default
11/4	461	453	478	463	default
45525K654	518	453	572	463	default
62.40	593	453	619	463	default
4443K747	628	453	676	463	default
75.04	703	453	729	463	default
2	404	463	409	473	default
11/4	461	463	478	473	default
45525K655	518	463	572	473	default
75.47	593	463	619	473	default
4443K784	628	463	676	473	default
104.94	697	463	729	473	default
2	404	473	409	482	default
11/2	461	473	478	482	default
45525K656	518	473	572	482	default
77.14	593	473	619	482	default
4443K748	628	473	676	482	default
107.32	697	473	729	482	default
Straights	372	358	417	368	default
NPT	60	251	81	260	default
Reducers	84	251	132	260	default
A	371	508	377	516	default
B	408	499	414	507	default
•	63	264	68	272	default
Use	71	262	89	272	default
with	92	262	111	272	default
air,	114	262	127	272	default
hydraulic	130	262	172	272	default
fluid,	175	262	198	272	default
natural	201	262	233	272	default
gas,	235	262	255	272	default
oil,	258	262	271	272	default
steam,	274	262	306	272	default
water	309	262	334	272	default
Reducers	414	262	458	272	default
meet	461	262	485	272	default
ASTM	487	262	516	272	default
A182	519	262	543	272	default
Straights	414	272	459	282	default
also	462	272	481	282	default
meet	484	272	507	282	default
ANSI/ASME	510	272	566	282	default
B16.11	569	272	602	282	default
NPT	404	75	425	84	default
Connectors	427	75	485	84	default
with	488	75	509	84	default
Intermittent	512	75	570	84	default
Swivel—90°	573	74	631	84	default
Elbows	634	74	668	84	default
•	406	88	411	96	default
Use	414	86	432	96	default
with	435	86	454	96	default
air,	457	86	471	96	default
coolant,	473	86	511	96	default
diesel	514	86	541	96	default
fuel,	544	86	563	96	default
oil,	566	86	580	96	default
water	583	86	608	96	default
•	406	98	411	105	default
Maximum	414	96	460	106	default
Pressure:	463	96	506	106	default
See	509	96	527	106	default
table	530	96	553	106	default
Pipe	404	144	424	154	default
Size	404	154	423	164	default
Max	518	144	538	154	default
psi	544	144	557	154	default
@	518	154	526	164	default
72°	529	154	545	164	default
F	546	154	552	164	default
1/4	404	166	415	176	default
3,000	518	167	544	176	default
9393K65	628	167	670	176	default
$133.08	691	167	729	176	default
3/8	404	176	415	186	default
3,000	518	176	544	186	default
9393K61	628	176	670	186	default
113.58	697	176	729	186	default
1/2	404	186	415	196	default
2,500	518	186	544	196	default
9393K62	628	186	670	196	default
113.58	697	186	729	196	default
3/4	404	196	415	205	default
1,200	518	196	544	205	default
9393K63	628	196	670	205	default
187.65	697	196	729	205	default
Fittings	414	109	449	119	default
rotate	453	109	480	119	default
360°	484	109	506	119	default
as	510	109	521	119	default
needed	525	109	560	119	default
to	564	109	574	119	default
allow	578	109	602	119	default
movement	606	109	656	119	default
in	404	119	412	129	default
a	417	119	423	129	default
rigid	428	119	448	129	default
metal	454	119	480	129	default
piping	485	119	514	129	default
system	519	119	553	129	default
They	561	119	584	129	default
are	590	119	604	129	default
machined	609	119	656	129	default
316	404	129	421	138	default
stainless	424	129	464	138	default
steel	467	129	489	138	default
Not	495	129	512	138	default
rated	514	129	539	138	default
for	541	129	554	138	default
Class	557	129	583	138	default
NPT	60	773	81	782	default
Tee	84	773	101	782	default
Outlets	104	773	140	782	default
To	218	838	229	846	default
Order:	230	838	258	846	default
Please	262	837	293	847	default
specify	295	837	328	847	default
For	331	837	346	847	default
Pipe	349	837	369	847	default
Size	372	837	391	847	default
within	394	837	421	847	default
the	424	837	438	847	default
range	441	837	467	847	default
shown	470	837	500	847	default
•	63	786	68	794	default
Use	71	784	89	794	default
with	92	784	111	794	default
air,	114	784	127	794	default
natural	130	784	162	794	default
gas,	165	784	185	794	default
oil,	71	794	84	804	default
steam,	87	794	119	804	default
water	121	794	147	804	default
•	63	805	68	813	default
Maximum	71	804	117	814	default
Pressure:	120	804	163	814	default
See	71	814	89	823	default
table;	92	814	117	823	default
600	71	823	88	833	default
psi	91	823	105	833	default
@	108	823	116	833	default
220°	119	823	140	833	default
F	143	823	149	833	default
for	152	823	165	833	default
steam	167	823	196	833	default
Tee	228	786	244	795	default
outlets	247	786	279	795	default
allow	283	786	308	795	default
you	311	786	328	795	default
to	332	786	342	795	default
create	345	786	375	795	default
a	378	786	384	795	default
threaded	388	786	430	795	default
outlet	433	786	460	795	default
anywhere	464	786	509	795	default
along	513	786	539	795	default
a	543	786	548	795	default
pipe	217	795	238	805	default
They	244	795	267	805	default
are	270	795	285	805	default
also	288	795	308	805	default
known	311	795	342	805	default
as	346	795	357	805	default
branch	360	795	393	805	default
connectors	396	795	450	805	default
and	453	795	471	805	default
are	474	795	489	805	default
comparable	492	795	548	805	default
to	217	805	227	815	default
Thredolet	231	805	275	815	default
To	282	805	293	815	default
install,	297	805	328	815	default
drill	332	805	349	815	default
a	353	805	358	815	default
hole	362	805	382	815	default
in	386	805	395	815	default
your	399	805	420	815	default
pipe	424	805	444	815	default
to	448	805	458	815	default
match	462	805	491	815	default
the	495	805	510	815	default
fitting’s	514	805	548	815	default
pipe	217	815	238	824	default
size	243	815	261	824	default
and	266	815	284	824	default
weld	288	815	311	824	default
in	315	815	324	824	default
place	329	815	354	824	default
Fittings	362	815	397	824	default
meet	401	815	425	824	default
ANSI/ASME	430	815	487	824	default
B16.11	492	815	526	824	default
and	530	815	548	824	default
MSS	217	824	240	834	default
SP-97	243	824	272	834	default
A	368	342	374	350	default
B	413	328	420	336	default
Tee	686	788	700	796	default
Outlet	703	788	728	796	default
Weldedto	691	794	721	809	default
Pipe	702	801	721	809	default
Pipe	657	820	676	828	default
Pipe	60	851	81	861	default
Size	60	861	80	871	default
For	184	851	199	861	default
Pipe	202	851	223	861	default
Size	184	861	203	871	default
Ht	289	861	300	871	default
Max	404	851	424	861	default
psi	429	851	443	861	default
@	404	861	412	871	default
72°	415	861	430	871	default
F	432	861	438	871	default
304/304L	546	851	591	861	default
Stainless	532	861	577	871	default
Steel	580	861	605	871	default
316/316L	656	851	701	861	default
Stainless	642	861	687	871	default
Steel	690	861	715	871	default
1/4	66	873	78	883	default
1/4	189	873	201	883	default
to	204	874	213	883	default
36	216	874	228	883	default
3/40	295	873	310	884	default
3,000	404	874	430	883	default
4565T31	518	874	559	883	default
$30.78	587	874	619	883	default
4583T11	628	874	669	883	default
$35.89	697	874	729	883	default
3/8	66	883	78	893	default
3/8	189	883	201	893	default
to	204	883	213	893	default
36	216	883	228	893	default
13/160	295	883	319	893	default
3,000	404	883	430	893	default
4565T32	518	883	559	893	default
31.60	593	883	619	893	default
4583T12	628	883	669	893	default
36.69	703	883	729	893	default
1/2	66	893	78	903	default
1/2	189	893	201	903	default
to	204	893	213	903	default
36	216	893	228	903	default
10	289	893	299	903	default
3,000	404	893	430	903	default
4565T33	518	893	559	903	default
32.18	593	893	619	903	default
4583T13	628	893	669	903	default
37.52	703	893	729	903	default
3/4	66	903	78	912	default
3/4	189	903	201	912	default
to	204	903	213	912	default
36	216	903	228	912	default
11/160	289	902	315	913	default
3,000	404	903	430	912	default
4565T34	518	903	559	912	default
38.39	593	903	619	912	default
4583T14	628	903	669	912	default
42.20	703	903	729	912	default
1	60	912	66	922	default
1	184	912	189	922	default
to	192	912	202	922	default
36	204	912	216	922	default
15/160	289	912	315	923	default
3,000	404	912	430	922	default
4565T35	518	912	559	922	default
48.39	593	912	619	922	default
4583T15	628	912	669	922	default
54.76	703	912	729	922	default
11/4	60	922	78	932	default
11/4	184	922	201	932	default
to	204	922	213	932	default
36	216	922	228	932	default
15/160	289	922	315	932	default
3,000	404	922	430	932	default
4565T36	518	922	559	932	default
80.21	593	922	619	932	default
4583T16	628	922	669	932	default
90.62	703	922	729	932	default
11/2	60	932	78	942	default
11/2	184	932	201	942	default
to	204	932	213	942	default
36	216	932	228	942	default
13/80	289	932	310	942	default
2,800	404	932	430	942	default
4565T37	518	932	559	942	default
91.58	593	932	619	942	default
4583T17	628	932	669	942	default
100.17	697	932	729	942	default
2	60	942	66	951	default
2	184	942	189	951	default
to	192	942	202	951	default
36	204	942	216	951	default
11/20	289	941	310	952	default
2,500	404	942	430	951	default
4565T38	518	942	559	951	default
104.42	587	942	619	951	default
4583T18	628	942	669	951	default
114.71	697	942	729	951	default
##LTFigure##	353	89	387	111	default
##LTFigure##	378	494	417	518	default
##LTFigure##	669	89	730	129	default
##LTFigure##	376	330	422	353	default
##LTFigure##	566	794	609	817	default
