43	709	960	729	973	default
Stainless	282	29	377	48	default
Steel	383	29	436	48	default
Flanges,	443	29	530	48	default
Fittings	537	29	615	48	default
&	621	29	636	48	default
Pipe	643	29	689	48	default
Cap	60	367	80	377	default
Flanges	83	367	122	377	default
•	63	547	68	555	default
Pipe:	71	546	94	555	default
Use	97	546	116	555	default
unthreaded	119	546	172	555	default
Schedule	174	546	218	555	default
160	221	546	238	555	default
extra-thick-wall	71	555	143	565	default
stainless	145	555	186	565	default
steel	189	555	211	565	default
(see	214	555	233	565	default
below)	236	555	266	565	default
•	63	537	68	545	default
Maximum	71	536	117	545	default
Pressure:	120	536	163	545	default
See	166	536	184	545	default
table	187	536	210	545	default
Extreme-Pressure	60	509	211	525	default
Socket-Connect	216	509	347	525	default
Stainless	352	509	427	525	default
Steel	432	509	474	525	default
Unthreaded	479	509	576	525	default
Pipe	581	509	618	525	default
Fittings	623	509	685	525	default
Pipe	60	633	81	643	default
Size	60	643	80	653	default
Max	112	633	132	643	default
psi	138	633	152	643	default
@	112	643	121	653	default
72°	124	643	139	653	default
F	141	643	147	653	default
Max	164	624	184	633	default
psi	190	624	204	633	default
@	164	633	173	643	default
220°	176	633	197	643	default
F	198	633	204	643	default
for	164	643	177	653	default
Steam	180	643	210	653	default
90°	234	643	250	653	default
Elbows	253	643	289	653	default
45°	338	643	354	653	default
Elbows	357	643	393	653	default
Tees	458	643	481	653	default
Straights	551	643	596	653	default
Caps	668	643	693	653	default
304/304L	60	656	105	665	default
Stainless	108	656	153	665	default
Steel	156	656	181	665	default
1/2	71	665	83	675	default
7,700	112	665	138	675	default
6,500	164	665	190	675	default
2064K11	216	665	259	675	default
$49.98	275	665	307	675	default
2064K22	320	665	363	675	default
$69.35	379	665	410	675	default
2064K16	424	665	466	675	default
$71.20	483	665	515	675	default
2064K27	528	665	570	675	default
$24.35	587	665	619	675	default
2064K33	632	665	674	675	default
$31.14	697	665	729	675	default
3/4	71	675	83	685	default
7,100	112	675	138	685	default
5,900	164	675	190	685	default
2064K12	216	675	259	685	default
60.22	281	675	307	685	default
2064K23	320	675	363	685	default
78.73	384	675	410	685	default
2064K17	424	675	466	685	default
82.18	489	675	515	685	default
2064K28	528	675	570	685	default
34.29	593	675	619	685	default
2064K34	632	675	674	685	default
39.40	703	675	729	685	default
1	66	685	71	694	default
6,400	112	685	138	694	default
5,300	164	685	190	694	default
2064K13	216	685	259	694	default
90.82	281	685	307	694	default
2064K24	320	685	363	694	default
113.92	379	685	410	694	default
2064K18	424	685	466	694	default
110.51	483	685	515	694	default
2064K29	528	685	570	694	default
47.16	593	685	619	694	default
2064K35	632	685	674	694	default
45.12	703	685	729	694	default
11/2	66	694	83	704	default
4,800	112	694	138	704	default
4,000	164	694	190	704	default
2064K14	216	694	259	704	default
181.12	275	694	307	704	default
2064K25	320	694	363	704	default
177.65	379	694	410	704	default
2064K19	424	694	466	704	default
250.25	483	694	515	704	default
2064K31	528	694	570	704	default
97.43	593	694	619	704	default
2064K36	632	694	674	704	default
75.61	703	694	729	704	default
2	66	704	71	714	default
4,700	112	704	138	714	default
3,900	164	704	190	714	default
2064K15	216	704	259	714	default
276.36	275	704	307	714	default
2064K26	320	704	363	714	default
305.38	379	704	410	714	default
2064K21	424	704	466	714	default
321.11	483	704	515	714	default
2064K32	528	704	570	714	default
140.46	587	704	619	714	default
2064K37	632	704	674	714	default
108.58	697	704	729	714	default
316/316L	60	714	105	724	default
Stainless	108	714	153	724	default
Steel	156	714	181	724	default
1/2	71	723	83	733	default
7,700	112	724	138	733	default
6,400	164	724	190	733	default
2077K11	216	724	259	733	default
63.55	281	724	307	733	default
2077K22	320	724	363	733	default
91.12	384	724	410	733	default
2077K16	424	724	466	733	default
83.33	489	724	515	733	default
2077K27	528	724	570	733	default
33.73	593	724	619	733	default
2077K33	632	724	674	733	default
37.50	703	724	729	733	default
3/4	71	733	83	743	default
7,100	112	733	138	743	default
5,900	164	733	190	743	default
2077K12	216	733	259	743	default
83.69	281	733	307	743	default
2077K23	320	733	363	743	default
101.04	379	733	410	743	default
2077K17	424	733	466	743	default
103.06	483	733	515	743	default
2077K28	528	733	570	743	default
44.06	593	733	619	743	default
2077K34	632	733	674	743	default
45.52	703	733	729	743	default
1	66	743	71	753	default
6,400	112	743	138	753	default
5,300	164	743	190	753	default
2077K13	216	743	259	753	default
118.88	275	743	307	753	default
2077K24	320	743	363	753	default
143.65	379	743	410	753	default
2077K18	424	743	466	753	default
148.29	483	743	515	753	default
2077K29	528	743	570	753	default
62.71	593	743	619	753	default
2077K35	632	743	674	753	default
58.08	703	743	729	753	default
11/2	66	753	83	762	default
4,800	112	753	138	762	default
3,900	164	753	190	762	default
2077K14	216	753	259	762	default
213.20	275	753	307	762	default
2077K25	320	753	363	762	default
218.00	379	753	410	762	default
2077K19	424	753	466	762	default
288.03	483	753	515	762	default
2077K31	528	753	570	762	default
149.65	587	753	619	762	default
2077K36	632	753	674	762	default
112.47	697	753	729	762	default
2	66	762	71	772	default
4,700	112	762	138	772	default
3,800	164	762	190	772	default
2077K15	216	762	259	772	default
306.95	275	762	307	772	default
2077K26	320	762	363	772	default
325.16	379	762	410	772	default
2077K21	424	762	466	772	default
424.74	483	762	515	772	default
2077K32	528	762	570	772	default
204.38	587	762	619	772	default
2077K37	632	762	674	772	default
171.87	697	762	729	772	default
The	317	526	335	536	default
strongest	338	526	382	536	default
socket-connect	385	526	459	536	default
fittings	462	526	493	536	default
we	497	526	510	536	default
offer,	513	526	537	536	default
these	540	526	566	536	default
heavy	569	526	596	536	default
duty	600	526	620	536	default
forged	623	526	654	536	default
fittings	657	526	688	536	default
are	692	526	706	536	default
also	709	526	729	536	default
known	307	536	338	545	default
as	342	536	353	545	default
Class	356	536	383	545	default
6000	386	536	410	545	default
They	416	536	439	545	default
are	443	536	457	545	default
easier	461	536	489	545	default
to	493	536	502	545	default
weld	506	536	528	545	default
than	532	536	552	545	default
butt-weld	556	536	601	545	default
fittings	605	536	637	545	default
because	640	536	680	545	default
the	684	536	699	545	default
fitting	702	536	729	545	default
doesn’t	307	545	342	555	default
need	345	545	368	555	default
to	371	545	380	555	default
align	383	545	405	555	default
perfectly	408	545	448	555	default
to	451	545	460	555	default
the	463	545	478	555	default
pipe	480	545	501	555	default
Slide	506	545	530	555	default
pipe	532	545	553	555	default
into	556	545	573	555	default
the	576	545	590	555	default
socket	593	545	624	555	default
and	627	545	645	555	default
weld	648	545	670	555	default
for	673	545	685	555	default
a	688	545	694	555	default
strong,	696	545	729	555	default
permanent	307	555	357	565	default
connection	360	555	412	565	default
Fittings	417	555	451	565	default
are	454	555	469	565	default
Schedule	472	555	515	565	default
160	518	555	535	565	default
and	538	555	556	565	default
meet	559	555	582	565	default
ANSI/ASME	585	555	641	565	default
B16.11	644	555	677	565	default
and	680	555	697	565	default
ASTM	700	555	729	565	default
A182.304	307	565	335	584	default
stainless	338	575	382	584	default
steel	385	575	409	584	default
fittings	412	575	443	584	default
have	446	575	468	584	default
very	472	575	491	584	default
good	494	575	518	584	default
corrosion	521	575	565	584	default
resistance	568	575	615	584	default
316	622	575	639	584	default
stainless	642	575	686	584	default
steel	689	575	713	584	default
fit-	716	575	729	584	default
tings	307	584	330	594	default
have	332	584	355	594	default
excellent	357	584	399	594	default
corrosion	402	584	445	594	default
resistance	448	584	495	594	default
•	63	84	68	92	default
Maximum	71	83	117	93	default
Pressure:	120	83	163	93	default
See	166	83	184	93	default
table	187	83	210	93	default
High-Pressure	60	56	179	72	default
Stainless	184	56	259	72	default
Steel	264	56	306	72	default
Unthreaded	311	56	408	72	default
SAE	413	56	447	72	default
Pipe	452	56	488	72	default
Flanges	493	56	557	72	default
Pipe	60	882	81	892	default
Size	60	892	80	901	default
304	215	882	232	892	default
Stainless	235	882	280	892	default
Steel	283	882	308	892	default
316	530	882	547	892	default
Stainless	550	882	595	892	default
Steel	598	882	623	892	default
1-ft	126	892	143	901	default
Lengths	149	892	189	901	default
3-ft	230	892	247	901	default
Lengths	253	892	293	901	default
6-ft	334	892	351	901	default
Lengths	357	892	397	901	default
1-ft	438	892	455	901	default
Lengths	461	892	501	901	default
3-ft	542	892	559	901	default
Lengths	565	892	605	901	default
6-ft	649	892	666	901	default
Lengths	672	892	712	901	default
1/2	66	904	78	914	default
2053K11	112	904	155	914	default
$24.19	171	904	203	914	default
2053K16	216	904	259	914	default
$60.47	275	904	307	914	default
2053K22	320	904	363	914	default
$100.78	374	904	411	914	default
2057K11	424	904	467	914	default
$31.78	483	904	515	914	default
2057K16	528	904	570	914	default
$79.45	587	904	619	914	default
2057K22	632	904	674	914	default
$132.42	691	904	729	914	default
3/4	66	914	78	924	default
2053K12	112	914	155	924	default
42.01	177	914	203	924	default
2053K17	216	914	259	924	default
105.04	275	914	307	924	default
2053K23	320	914	363	924	default
175.06	379	914	411	924	default
2057K12	424	914	467	924	default
52.36	489	914	515	924	default
2057K17	528	914	570	924	default
130.91	587	914	619	924	default
2057K23	632	914	674	924	default
218.18	697	914	729	924	default
1	60	924	66	934	default
2053K13	112	924	155	934	default
54.29	177	924	203	934	default
2053K18	216	924	259	934	default
135.72	275	924	307	934	default
2053K24	320	924	363	934	default
226.20	379	924	411	934	default
2057K13	424	924	467	934	default
66.30	489	924	515	934	default
2057K18	528	924	570	934	default
165.74	587	924	619	934	default
2057K24	632	924	674	934	default
276.24	697	924	729	934	default
11/2	60	933	78	943	default
2053K14	112	934	155	943	default
74.67	177	934	203	943	default
2053K19	216	934	259	943	default
196.86	275	934	307	943	default
2053K25	320	934	363	943	default
339.42	379	934	411	943	default
2057K14	424	934	467	943	default
90.29	489	934	515	943	default
2057K19	528	934	570	943	default
238.04	587	934	619	943	default
2057K25	632	934	674	943	default
410.42	697	934	729	943	default
2	60	943	66	953	default
2053K15	112	943	155	953	default
102.39	171	943	203	953	default
2053K21	216	943	259	953	default
269.95	275	943	307	953	default
2053K26	320	943	363	953	default
465.43	379	943	411	953	default
2057K15	424	943	467	953	default
128.77	483	943	515	953	default
2057K21	528	943	570	953	default
339.49	587	943	619	953	default
2057K26	632	943	674	953	default
585.32	697	943	729	953	default
•	63	820	68	827	default
Fittings:	71	818	108	828	default
Use	111	818	129	828	default
socket-connect	132	818	204	828	default
Class	207	818	233	828	default
6000	236	818	259	828	default
extreme-pressure	71	828	152	837	default
stainless	155	828	196	837	default
steel	199	828	221	837	default
(see	224	828	243	837	default
above)	71	837	102	847	default
Extra-Thick-Wall	60	782	195	797	default
Stainless	200	782	275	797	default
Steel	280	782	322	797	default
Unthreaded	327	782	424	797	default
Pipe	429	782	465	797	default
With	317	799	338	808	default
an	341	799	352	808	default
extra-thick	355	799	405	808	default
wall,	407	799	428	808	default
this	431	799	447	808	default
Schedule	450	799	493	808	default
160	496	799	513	808	default
pipe	516	799	536	808	default
is	539	799	546	808	default
the	549	799	564	808	default
stron-	566	799	594	808	default
gest	307	808	327	818	default
stainless	331	808	372	818	default
steel	376	808	398	818	default
pipe	402	808	423	818	default
we	426	808	440	818	default
offer	444	808	465	818	default
Weld	471	808	494	818	default
it	498	808	504	818	default
to	507	808	517	818	default
fittings	520	808	552	818	default
and	556	808	574	818	default
ad-	578	808	594	818	default
ditional	307	818	341	828	default
lengths	343	818	377	828	default
of	380	818	389	828	default
pipe	392	818	412	828	default
Welded	418	818	453	828	default
connections	455	818	512	828	default
are	515	818	529	828	default
stronger	532	818	570	828	default
than	573	818	594	828	default
threaded	307	828	348	837	default
connections	351	828	408	837	default
and	410	828	428	837	default
less	431	828	449	837	default
likely	452	828	475	837	default
to	477	828	487	837	default
leak	489	828	508	837	default
Pipe	514	828	534	837	default
is	537	828	545	837	default
seamless,	547	828	594	837	default
which	307	837	335	847	default
provides	338	837	378	847	default
a	381	837	387	847	default
smooth	390	837	426	847	default
interior	429	837	461	847	default
for	465	837	477	847	default
unrestricted	480	837	536	847	default
flow	540	837	559	847	default
Meets	565	837	594	847	default
ASTM	307	847	335	857	default
A312	338	847	362	857	default
304	317	857	334	867	default
stainless	337	857	380	867	default
steel	383	857	406	867	default
pipe	409	857	429	867	default
has	432	857	448	867	default
very	450	857	470	867	default
good	472	857	496	867	default
corrosion	499	857	541	867	default
resistance	544	857	591	867	default
316	307	867	324	876	default
stainless	327	867	371	876	default
steel	374	867	398	876	default
pipe	401	867	421	876	default
has	424	867	440	876	default
excellent	443	867	485	876	default
corrosion	488	867	531	876	default
resistance	534	867	581	876	default
•	63	75	68	82	default
Use	71	73	89	83	default
with	92	73	111	83	default
hydraulic	114	73	156	83	default
fluid	159	73	179	83	default
•	63	528	68	535	default
Use	71	526	89	536	default
with	92	526	111	536	default
air,	114	526	127	536	default
natural	130	526	162	536	default
gas,	165	526	185	536	default
oil,	187	526	201	536	default
steam,	204	526	235	536	default
water	238	526	264	536	default
•	63	800	68	808	default
Use	71	799	89	808	default
with	92	799	111	808	default
air,	114	799	127	808	default
hydraulic	130	799	172	808	default
fluid,	175	799	198	808	default
natural	201	799	233	808	default
gas,	235	799	255	808	default
oil,	258	799	271	808	default
steam,	71	808	102	818	default
water	105	808	131	818	default
Cap	523	143	540	151	default
Flange	542	143	571	151	default
with	573	143	591	151	default
O-Ring	508	151	538	160	default
Groove	540	151	571	160	default
Surface	573	151	606	160	default
Cap	664	143	681	151	default
Flange	683	143	712	151	default
with	652	151	670	160	default
Flat	672	151	688	160	default
Surface	691	151	723	160	default
Socket-Connect	376	143	445	151	default
Flange	447	143	476	151	default
with	390	151	408	160	default
Flat	410	151	426	160	default
Surface	429	151	462	160	default
Socket-Connect	234	143	303	151	default
Flange	306	143	335	151	default
with	337	143	355	151	default
O-Ring	245	151	275	160	default
Groove	278	151	309	160	default
Surface	311	151	344	160	default
Socket-Connect	60	229	141	239	default
Flanges	144	229	183	239	default
Create	71	164	102	174	default
an	106	164	117	174	default
access	121	164	154	174	default
point	158	164	182	174	default
in	186	164	194	174	default
a	198	164	203	174	default
high-pressure	207	164	272	174	default
hydraulic	276	164	319	174	default
fluid	322	164	342	174	default
line	346	164	362	174	default
with	366	164	386	174	default
these	60	174	86	184	default
machined	90	174	137	184	default
flanges	141	174	175	184	default
They	182	174	205	184	default
are	209	174	223	184	default
also	227	174	247	184	default
known	251	174	282	184	default
as	286	174	297	184	default
Code	301	174	327	184	default
61	331	174	342	184	default
SAE	346	174	366	184	default
hy-	370	174	386	184	default
draulic	60	184	92	194	default
flanges	94	184	128	194	default
To	133	184	144	194	default
connect,	147	184	187	194	default
bolt	190	184	207	194	default
a	210	184	215	194	default
flange	218	184	246	194	default
with	249	184	268	194	default
an	271	184	282	194	default
O-ring	285	184	314	194	default
groove	317	184	349	194	default
surface	351	184	386	194	default
to	60	194	70	203	default
a	73	194	79	203	default
flange	82	194	110	203	default
with	114	194	133	203	default
a	136	194	142	203	default
flat	145	194	159	203	default
surface	163	194	197	203	default
of	200	194	209	203	default
the	213	194	227	203	default
same	231	194	256	203	default
size	259	194	278	203	default
Flanges	284	194	320	203	default
are	324	194	338	203	default
316/316L	341	194	386	203	default
stainless	60	203	102	213	default
steel	105	203	128	213	default
for	132	203	144	213	default
excellent	148	203	190	213	default
corrosion	194	203	239	213	default
resistance	242	203	291	213	default
and	295	203	313	213	default
they	316	203	337	213	default
meet	340	203	364	213	default
ISO	368	203	386	213	default
6162	60	213	84	223	default
and	86	213	104	223	default
SAE	107	213	127	223	default
J518	130	213	152	223	default
Pipe	60	241	81	251	default
Size	60	251	80	260	default
SAE	122	241	142	251	default
Flange	145	241	176	251	default
Size	122	251	142	260	default
Max	203	241	223	251	default
psi	228	241	242	251	default
@	203	251	211	260	default
72°	214	251	230	260	default
F	231	251	237	260	default
Flange	313	241	344	251	default
For	417	241	433	251	default
Bolt	436	241	454	251	default
Dia	417	251	433	260	default
(No	438	251	455	260	default
)	457	251	460	260	default
O-Ring	530	241	565	251	default
Groove	568	241	604	251	default
Surface	548	251	586	260	default
Flat	651	251	669	260	default
Surface	672	251	711	260	default
Ht	285	251	295	260	default
Wd	340	251	356	260	default
For	60	263	77	273	default
Inch	80	263	101	273	default
Bolts	104	263	130	273	default
3/4	71	273	83	283	default
3/4	128	273	140	283	default
.5,000	199	273	229	283	default
25/80	285	273	306	283	default
13/40	340	273	361	283	default
3/80	417	273	433	283	default
(4)	436	273	447	283	default
1431N015	515	273	563	283	default
$90.94	587	273	619	283	default
1431N11	632	273	675	283	default
$89.98	697	273	729	283	default
1	66	283	71	292	default
1	122	283	128	292	default
5,000	203	283	229	292	default
253/640	285	282	315	293	default
20	340	282	349	293	default
3/80	417	282	433	293	default
(4)	436	283	447	292	default
1431N016	515	283	563	293	default
97.38	593	283	619	292	default
1431N012	632	283	680	293	default
95.42	703	283	729	292	default
11/2	66	292	83	302	default
11/2	122	292	140	302	default
.3,000	199	292	229	302	default
33/40	285	292	306	303	default
23/40	340	292	361	303	default
1/20	417	292	433	303	default
(4)	436	292	447	302	default
1431N017	515	293	563	302	default
136.50	587	292	619	302	default
1431N013	632	293	680	302	default
117.11	697	292	729	302	default
2	66	302	71	312	default
2	122	302	128	312	default
3,000	203	302	229	312	default
40	285	302	294	312	default
31/40	340	302	361	312	default
1/20	417	302	433	312	default
(4)	436	302	447	312	default
1431N018	515	302	563	312	default
150.87	587	302	619	312	default
1431N014	632	302	680	312	default
144.89	697	302	729	312	default
For	60	312	77	322	default
Metric	80	312	112	322	default
Bolts	115	312	140	322	default
3/4	71	321	83	331	default
3/4	128	321	140	331	default
.5,000	199	321	229	331	default
67	290	322	302	331	default
mm	305	322	323	331	default
44	340	322	352	331	default
mm	354	322	372	331	default
10	417	322	429	331	default
mm	432	322	450	331	default
(4)	452	322	464	331	default
1431N019	515	322	563	331	default
90.94	593	322	619	331	default
1	66	331	71	341	default
1	122	331	128	341	default
5,000	203	331	229	341	default
72	290	331	302	341	default
mm	305	331	323	341	default
51	340	331	352	341	default
mm	354	331	372	341	default
10	417	331	429	341	default
mm	432	331	450	341	default
(4)	452	331	464	341	default
1431N021	515	331	563	341	default
97.38	593	331	619	341	default
11/2	66	341	83	351	default
11/2	122	341	140	351	default
.3,000	199	341	229	351	default
95	290	341	302	351	default
mm	305	341	323	351	default
70	340	341	352	351	default
mm	354	341	372	351	default
12	417	341	429	351	default
mm	432	341	450	351	default
(4)	452	341	464	351	default
1431N022	515	341	563	351	default
136.50	587	341	619	351	default
2	66	351	71	361	default
2	122	351	128	361	default
3,000	203	351	229	361	default
102	285	351	302	361	default
mm	305	351	323	361	default
83	340	351	352	361	default
mm	354	351	372	361	default
12	417	351	429	361	default
mm	432	351	450	361	default
(4)	452	351	464	361	default
1431N023	515	351	563	361	default
150.87	587	351	619	361	default
SAE	60	379	80	388	default
Flange	83	379	114	388	default
Size	60	388	80	398	default
Max	203	379	223	388	default
psi	229	379	242	388	default
@	203	388	211	398	default
72°	214	388	230	398	default
F	231	388	237	398	default
Flange	313	379	344	388	default
For	417	379	433	388	default
Bolt	436	379	454	388	default
Dia	417	388	433	398	default
(No	438	388	455	398	default
)	458	388	460	398	default
O-Ring	530	379	565	388	default
Groove	568	379	604	388	default
Surface	548	388	586	398	default
Flat	651	388	669	398	default
Surface	672	388	710	398	default
Ht	285	388	295	398	default
Wd	340	388	356	398	default
For	60	401	77	411	default
Inch	80	401	101	411	default
Bolts	104	401	130	411	default
3/4	71	410	83	420	default
5,000	203	411	229	420	default
25/80	285	410	306	421	default
13/40	340	410	361	421	default
3/80	417	410	433	421	default
(4)	436	411	447	420	default
1431N028	515	411	563	420	default
$116.38	581	411	619	420	default
1431N024	632	411	680	420	default
$118.31	691	411	729	420	default
1	66	420	71	430	default
4,600	203	420	229	430	default
253/640	285	420	315	430	default
20	340	420	349	430	default
3/80	417	420	433	430	default
(4)	436	420	447	430	default
1431N029	515	420	563	430	default
115.60	587	420	619	430	default
1431N025	632	420	680	430	default
115.62	697	420	729	430	default
11/2	66	430	83	440	default
3,000	203	430	229	440	default
33/40	285	430	306	440	default
23/40	340	430	361	440	default
1/20	417	430	433	440	default
(4)	436	430	447	440	default
1431N031	515	430	563	440	default
182.60	587	430	619	440	default
1431N026	632	430	680	440	default
177.20	697	430	729	440	default
2	66	440	71	449	default
3,000	203	440	229	449	default
40	285	439	294	450	default
31/40	340	439	361	450	default
1/20	417	439	433	450	default
(4)	436	440	447	449	default
1431N032	515	440	563	450	default
202.04	587	440	619	449	default
1431N027	632	440	680	450	default
197.53	697	440	729	449	default
For	60	450	77	459	default
Metric	80	450	112	459	default
Bolts	114	450	140	459	default
3/4	71	459	83	469	default
5,000	203	459	229	469	default
67	290	459	302	469	default
mm	305	459	323	469	default
44	340	459	352	469	default
mm	354	459	372	469	default
10	417	459	429	469	default
mm	432	459	450	469	default
(4)	453	459	464	469	default
1431N033	515	459	563	469	default
116.38	587	459	619	469	default
1	66	469	71	479	default
4,600	203	469	229	479	default
72	290	469	302	479	default
mm	305	469	323	479	default
51	340	469	352	479	default
mm	354	469	372	479	default
10	417	469	429	479	default
mm	432	469	450	479	default
(4)	453	469	464	479	default
1431N034	515	469	563	479	default
115.60	587	469	619	479	default
11/2	66	479	83	488	default
3,000	203	479	229	488	default
95	290	479	302	488	default
mm	305	479	323	488	default
70	340	479	352	488	default
mm	354	479	372	488	default
12	417	479	429	488	default
mm	432	479	450	488	default
(4)	453	479	464	488	default
1431N035	515	479	563	488	default
182.60	587	479	619	488	default
2	66	488	71	498	default
3,000	203	488	229	498	default
102	285	488	302	498	default
mm	305	488	323	498	default
83	340	488	352	498	default
mm	354	488	372	498	default
12	417	488	429	498	default
mm	432	488	450	498	default
(4)	453	488	464	498	default
1431N036	515	488	563	498	default
202.04	587	488	619	498	default
Flanges	414	164	450	174	default
with	453	164	472	174	default
O-ring	475	164	506	174	default
groove	509	164	543	174	default
surface	546	164	583	174	default
come	586	164	612	174	default
with	614	164	634	174	default
mounting	636	164	680	174	default
hardware	683	164	726	174	default
O-ring	404	174	434	184	default
is	438	174	446	184	default
fluoroelastomer	450	174	524	184	default
Flanges	530	174	567	184	default
with	571	174	591	184	default
flat	595	174	612	184	default
surface	616	174	654	184	default
do	658	174	671	184	default
not	675	174	690	184	default
include	695	174	729	184	default
mounting	404	184	447	194	default
hardware	450	184	493	194	default
Socket-connect	414	194	493	203	default
flanges	496	194	530	203	default
weld	533	194	555	203	default
to	558	194	567	203	default
pipe	571	194	591	203	default
for	594	194	607	203	default
a	610	194	615	203	default
strong,	619	194	651	203	default
permanent	654	194	704	203	default
con-	707	194	729	203	default
nection	404	203	438	213	default
Cap	444	203	464	213	default
flanges	467	203	500	213	default
are	503	203	517	213	default
also	520	203	539	213	default
known	542	203	573	213	default
as	576	203	587	213	default
blind	590	203	612	213	default
flanges	615	203	649	213	default
##LTFigure##	666	612	712	642	default
##LTFigure##	442	598	515	641	default
##LTFigure##	345	601	395	643	default
##LTFigure##	241	600	298	641	default
##LTFigure##	555	610	607	641	default
##LTFigure##	609	799	730	837	default
##LTFigure##	532	73	600	142	default
##LTFigure##	662	73	729	142	default
##LTFigure##	400	73	468	142	default
##LTFigure##	270	73	337	142	default
