45	709	960	729	973	default
Brass	492	29	551	48	default
Pipe	558	29	604	48	default
Fittings	610	29	689	48	default
Low-Pressure	60	56	174	72	default
Brass	179	56	226	72	default
Threaded	231	56	309	72	default
Pipe	314	56	351	72	default
Fittings	356	56	418	72	default
Inline	71	86	98	96	default
tees	100	86	122	96	default
are	124	86	139	96	default
also	142	86	161	96	default
known	164	86	195	96	default
as	197	86	208	96	default
branch	211	86	244	96	default
tees	246	86	266	96	default
Right-angle	272	86	330	96	default
tees	332	86	354	96	default
are	357	86	371	96	default
also	374	86	393	96	default
known	396	86	427	96	default
as	429	86	440	96	default
run	443	86	458	96	default
tees	461	86	481	96	default
Pipe	75	168	96	177	default
Size	99	168	118	177	default
90°	202	177	218	187	default
Elbows	221	177	257	187	default
Straights	313	177	358	187	default
(A)	60	177	73	187	default
(B)	115	177	128	187	default
1/4	66	190	78	199	default
1/8	121	190	133	199	default
4429K131	182	190	230	200	default
$10.65	245	190	277	199	default
4429K731	291	190	339	200	default
$7.13	360	190	386	199	default
3/8	66	199	78	209	default
1/8	121	199	133	209	default
4429K132	182	200	230	209	default
10.65	251	199	277	209	default
4429K349	291	200	339	209	default
7.42	365	199	386	209	default
3/8	66	209	78	219	default
1/4	121	209	133	219	default
4429K133	182	209	230	219	default
10.65	251	209	277	219	default
4429K732	291	209	339	219	default
7.13	365	209	386	219	default
1/2	66	222	78	231	default
1/8	121	222	133	231	default
4429K733	291	222	339	231	default
8.82	365	222	386	231	default
1/2	66	231	78	241	default
1/4	121	231	133	241	default
4429K134	182	231	230	241	default
11.47	251	231	277	241	default
4429K734	291	231	339	241	default
7.13	365	231	386	241	default
1/2	66	241	78	251	default
3/8	121	241	133	251	default
4429K135	182	241	230	251	default
11.47	251	241	277	251	default
4429K736	291	241	339	251	default
7.13	365	241	386	251	default
3/4	66	254	78	263	default
1/4	121	254	133	263	default
4429K136	182	254	230	263	default
13.63	251	254	277	263	default
4429K738	291	254	339	263	default
9.53	365	254	386	263	default
3/4	66	263	78	273	default
3/8	121	263	133	273	default
4429K137	182	263	230	273	default
13.63	251	263	277	273	default
4429K735	291	263	339	273	default
9.53	365	263	386	273	default
3/4	66	273	78	283	default
1/2	121	273	133	283	default
4429K138	182	273	230	283	default
13.63	251	273	277	283	default
4429K737	291	273	339	283	default
9.53	365	273	386	283	default
1	60	286	66	295	default
1/4	121	285	133	295	default
4429K817	182	286	230	295	default
32.43	251	286	277	295	default
4429K371	291	286	339	295	default
16.95	360	286	386	295	default
1	60	295	66	305	default
3/8	121	295	133	305	default
4429K818	182	295	230	305	default
32.43	251	295	277	305	default
4429K751	291	295	339	305	default
17.80	360	295	386	305	default
1	60	305	66	315	default
1/2	121	305	133	315	default
4429K139	182	305	230	315	default
23.89	251	305	277	315	default
4429K741	291	305	339	315	default
15.50	360	305	386	315	default
1	60	315	66	324	default
3/4	121	315	133	324	default
4429K141	182	315	230	325	default
23.89	251	315	277	324	default
4429K742	291	315	339	325	default
15.50	360	315	386	324	default
11/4	60	327	78	337	default
1/2	121	327	133	337	default
4429K819	182	327	230	337	default
41.73	251	327	277	337	default
4429K372	291	327	339	337	default
34.52	360	327	386	337	default
11/4	60	337	78	347	default
3/4	121	337	133	347	default
4429K172	182	337	230	347	default
36.32	251	337	277	347	default
4429K761	291	337	339	347	default
33.93	360	337	386	347	default
11/4	60	347	78	356	default
1	115	347	121	356	default
4429K173	182	347	230	356	default
36.32	251	347	277	356	default
4429K743	291	347	339	356	default
33.99	360	347	386	356	default
11/2	60	359	78	369	default
1/2	121	359	133	369	default
4429K821	182	359	230	369	default
53.19	251	359	277	369	default
4429K752	291	359	339	369	default
43.12	360	359	386	369	default
11/2	60	369	78	379	default
3/4	121	369	133	379	default
4429K174	182	369	230	379	default
44.07	251	369	277	379	default
4429K746	291	369	339	379	default
43.11	360	369	386	379	default
11/2	60	379	78	388	default
1	115	379	121	388	default
4429K175	182	379	230	388	default
44.07	251	379	277	388	default
4429K744	291	379	339	388	default
39.37	360	379	386	388	default
11/2	60	388	78	398	default
11/4	115	388	133	398	default
4429K176	182	388	230	398	default
44.07	251	388	277	398	default
4429K745	291	388	339	398	default
39.37	360	388	386	398	default
2	60	401	66	411	default
1/2	121	401	133	411	default
4429K822	182	401	230	411	default
91.69	251	401	277	411	default
4429K373	291	401	339	411	default
65.70	360	401	386	411	default
2	60	411	66	420	default
3/4	121	410	133	420	default
4429K823	182	411	230	420	default
79.93	251	411	277	420	default
4429K749	291	411	339	420	default
66.67	360	411	386	420	default
2	60	420	66	430	default
1	115	420	121	430	default
4429K177	182	420	230	430	default
78.58	251	420	277	430	default
4429K762	291	420	339	430	default
66.67	360	420	386	430	default
2	60	430	66	440	default
11/4	115	430	133	440	default
4429K178	182	430	230	440	default
78.58	251	430	277	440	default
4429K763	291	430	339	440	default
61.12	360	430	386	440	default
2	60	440	66	449	default
11/2	115	440	133	449	default
4429K179	182	440	230	450	default
78.58	251	440	277	449	default
4429K748	291	440	339	450	default
61.12	360	440	386	449	default
21/2	60	452	78	462	default
11/4	115	452	133	462	default
4429K764	291	452	339	462	default
112.19	354	452	386	462	default
21/2	60	462	78	472	default
11/2	115	462	133	472	default
4429K824	182	462	230	472	default
159.87	245	462	277	472	default
4429K374	291	462	339	472	default
102.38	354	462	386	472	default
21/2	60	472	78	481	default
2	115	472	121	481	default
4429K181	182	472	230	481	default
139.35	245	472	277	481	default
4429K747	291	472	339	481	default
102.88	354	472	386	481	default
3	60	484	66	494	default
1	115	484	121	494	default
4429K816	291	484	339	494	default
160.98	354	484	386	494	default
3	60	494	66	504	default
2	115	494	121	504	default
4429K182	182	494	230	504	default
214.33	245	494	277	504	default
4429K765	291	494	339	504	default
131.79	354	494	386	504	default
3	60	504	66	513	default
21/2	115	504	133	513	default
4429K825	182	504	230	513	default
245.90	245	504	277	513	default
4429K766	291	504	339	513	default
131.79	354	504	386	513	default
4	60	516	66	526	default
2	115	516	121	526	default
4429K376	291	516	339	526	default
303.57	354	516	386	526	default
4	60	526	66	536	default
3	115	526	121	536	default
4429K375	291	526	339	536	default
303.57	354	526	386	536	default
A	308	157	314	165	default
BB	356	145	362	153	default
A	206	157	212	165	default
B	236	125	242	133	default
Dual	542	726	565	736	default
Tees	567	726	590	736	default
Pipe	444	736	464	746	default
Size	467	736	486	746	default
(A)	404	746	416	755	default
(B)	457	746	470	755	default
(C)	510	746	523	755	default
3/4	409	758	421	768	default
1/2	463	758	474	768	default
3/8	516	758	528	768	default
4429K831	637	758	685	768	default
$19.81	697	758	729	768	default
1	404	768	409	778	default
1/2	463	768	474	778	default
3/4	516	768	528	778	default
4429K835	637	768	685	778	default
39.82	703	768	729	778	default
1	404	778	409	787	default
3/4	463	777	474	787	default
1/2	516	777	528	787	default
4429K834	637	778	685	787	default
39.82	703	778	729	787	default
11/4	404	787	421	797	default
1/2	463	787	474	797	default
1	510	787	516	797	default
4429K841	637	787	685	797	default
62.75	703	787	729	797	default
11/4	404	797	421	807	default
3/4	463	797	474	807	default
1	510	797	516	807	default
4429K842	637	797	685	807	default
62.75	703	797	729	807	default
11/2	404	807	421	817	default
11/4	457	807	474	817	default
1	510	807	516	817	default
4429K844	637	807	685	817	default
91.56	703	807	729	817	default
Bushings,	506	882	555	892	default
Male	557	882	581	892	default
@	582	884	590	892	default
Female	590	882	626	892	default
Pipe	415	892	436	902	default
Size	439	892	458	902	default
(A)	404	902	416	911	default
(B)	457	902	470	911	default
1/4	404	914	415	924	default
1/8	457	914	468	924	default
4429K521	643	914	691	924	default
$3.69	703	914	729	924	default
3/8	404	924	415	934	default
1/4	457	924	468	934	default
4429K522	643	924	691	934	default
3.36	709	924	729	934	default
1/2	404	933	415	943	default
3/8	457	933	468	943	default
4429K524	643	934	691	943	default
3.62	709	934	729	943	default
3/4	404	943	415	953	default
1/2	457	943	468	953	default
4429K527	643	943	691	953	default
4.69	709	943	729	953	default
A	540	863	546	872	default
B	579	854	585	862	default
Hex	151	645	170	654	default
Bushings,	173	645	222	654	default
Male	225	645	249	654	default
@	249	646	257	654	default
Female	258	645	294	654	default
Pipe	63	654	84	664	default
Size	87	654	106	664	default
(A)	60	664	73	674	default
(B)	96	664	109	674	default
1/4	66	676	78	686	default
1/8	102	676	113	686	default
4429K411	129	677	177	686	default
$1.82	189	677	215	686	default
3/8	66	686	78	696	default
1/8	102	686	113	696	default
4429K471	129	686	177	696	default
1.77	195	686	215	696	default
3/8	66	696	78	706	default
1/4	102	696	113	706	default
4429K412	129	696	177	706	default
2.11	195	696	215	706	default
1/2	66	708	78	718	default
1/8	102	708	113	718	default
4429K421	129	709	177	718	default
2.82	195	709	215	718	default
1/2	66	718	78	728	default
1/4	102	718	113	728	default
4429K422	129	718	177	728	default
2.58	195	718	215	728	default
1/2	66	728	78	738	default
3/8	102	728	113	738	default
4429K413	129	728	177	738	default
3.53	195	728	215	738	default
3/4	66	740	78	750	default
1/8	102	740	113	750	default
4429K439	129	741	177	750	default
6.96	195	740	215	750	default
3/4	66	750	78	760	default
1/4	102	750	113	760	default
4429K423	129	750	177	760	default
5.02	195	750	215	760	default
3/4	66	760	78	770	default
3/8	102	760	113	770	default
4429K418	129	760	177	770	default
4.33	195	760	215	770	default
3/4	66	769	78	779	default
1/2	102	769	113	779	default
4429K414	129	770	177	779	default
4.62	195	770	215	779	default
1	60	782	66	792	default
1/8	102	782	113	792	default
4429K271	129	782	177	792	default
9.61	195	782	215	792	default
1	60	792	66	802	default
1/4	102	792	113	802	default
4429K461	129	792	177	802	default
9.46	195	792	215	802	default
1	60	802	66	811	default
3/8	102	801	113	811	default
4429K272	129	802	177	811	default
9.61	195	802	215	811	default
1	60	811	66	821	default
1/2	102	811	113	821	default
4429K424	129	811	177	821	default
8.36	195	811	215	821	default
1	60	821	66	831	default
3/4	102	821	113	831	default
4429K415	129	821	177	831	default
8.36	195	821	215	831	default
11/4	60	833	78	843	default
1/8	102	833	113	843	default
4429K295	129	834	177	843	default
14.15	189	834	215	843	default
11/4	60	843	78	853	default
1/4	102	843	113	853	default
4429K292	129	843	177	853	default
14.15	189	843	215	853	default
11/4	60	853	78	863	default
3/8	102	853	113	863	default
4429K273	129	853	177	863	default
17.93	189	853	215	863	default
11/4	60	863	78	872	default
1/2	102	863	113	872	default
4429K462	129	863	177	872	default
15.64	189	863	215	872	default
11/4	60	872	78	882	default
3/4	102	872	113	882	default
4429K472	129	872	177	882	default
14.31	189	872	215	882	default
11/4	60	882	78	892	default
.1	92	882	102	892	default
4429K416	129	882	177	892	default
14.28	189	882	215	892	default
11/2	60	894	78	904	default
1/8	102	894	113	904	default
4429K293	129	895	177	904	default
16.56	189	895	215	904	default
11/2	60	904	78	914	default
1/4	102	904	113	914	default
4429K429	129	904	177	914	default
19.93	189	904	215	914	default
11/2	60	914	78	924	default
3/8	102	914	113	924	default
4429K294	129	914	177	924	default
14.24	189	914	215	924	default
11/2	60	924	78	934	default
1/2	102	924	113	934	default
4429K436	129	924	177	934	default
17.88	189	924	215	934	default
11/2	60	933	78	943	default
3/4	102	933	113	943	default
4429K425	129	934	177	943	default
20.30	189	934	215	943	default
11/2	60	943	78	953	default
.1	92	943	102	953	default
4429K426	129	943	177	953	default
20.30	189	943	215	953	default
Pipe	234	654	255	664	default
Size	258	654	277	664	default
(A)	231	664	243	674	default
(B)	262	664	275	674	default
11/2	236	676	254	686	default
.11/4	259	676	280	686	default
4429K417	292	677	340	686	default
$20.30	354	677	386	686	default
2	236	686	242	696	default
1/8	268	686	280	696	default
4429K296	292	686	340	696	default
27.55	360	686	386	696	default
2	236	696	242	706	default
1/4	268	696	280	706	default
4429K274	292	696	340	706	default
25.15	360	696	386	706	default
2	236	706	242	715	default
3/8	268	706	280	715	default
4429K297	292	706	340	716	default
27.55	360	706	386	715	default
2	236	715	242	725	default
1/2	268	715	280	725	default
4429K463	292	716	340	725	default
25.11	360	715	386	725	default
2	236	725	242	735	default
3/4	268	725	280	735	default
4429K441	292	725	340	735	default
24.25	360	725	386	735	default
2	236	735	242	745	default
1	262	735	268	745	default
4429K473	292	735	340	745	default
25.07	360	735	386	745	default
2	236	745	242	754	default
11/4	262	744	280	754	default
4429K474	292	745	340	754	default
25.07	360	745	386	754	default
2	236	754	242	764	default
11/2	262	754	280	764	default
4429K427	292	754	340	764	default
25.07	360	754	386	764	default
21/2	236	767	254	777	default
3/4	268	767	280	777	default
4429K394	292	767	340	777	default
44.35	360	767	386	777	default
21/2	236	776	254	786	default
.1	259	776	268	786	default
4429K442	292	777	340	786	default
59.90	360	777	386	786	default
21/2	236	786	254	796	default
.11/4	259	786	280	796	default
4429K475	292	786	340	796	default
60.60	360	786	386	796	default
21/2	236	796	254	806	default
.11/2	259	796	280	806	default
4429K395	292	796	340	806	default
44.35	360	796	386	806	default
21/2	236	806	254	815	default
.2	259	806	268	815	default
4429K428	292	806	340	816	default
60.59	360	806	386	815	default
3	236	818	242	828	default
1	262	818	268	828	default
4429K275	292	818	340	828	default
90.46	360	818	386	828	default
3	236	828	242	838	default
11/4	262	828	280	838	default
4429K276	292	828	340	838	default
90.46	360	828	386	838	default
3	236	838	242	847	default
11/2	262	838	280	847	default
4429K443	292	838	340	847	default
94.95	360	838	386	847	default
3	236	847	242	857	default
2	262	847	268	857	default
4429K476	292	847	340	857	default
90.09	360	847	386	857	default
3	236	857	242	867	default
21/2	262	857	280	867	default
4429K477	292	857	340	867	default
90.09	360	857	386	867	default
31/2	236	867	254	877	default
.3	259	867	268	877	default
4429K277	292	867	340	877	default
192.75	354	867	386	877	default
4	236	879	242	889	default
1	262	879	268	889	default
4429K811	292	879	340	889	default
263.05	354	879	386	889	default
4	236	889	242	899	default
11/2	262	889	280	899	default
4429K812	292	889	340	899	default
263.05	354	889	386	899	default
4	236	899	242	909	default
2	262	899	268	909	default
4429K813	292	899	340	909	default
229.28	354	899	386	909	default
4	236	909	242	918	default
21/2	262	908	280	918	default
4429K814	292	909	340	918	default
263.05	354	909	386	918	default
4	236	918	242	928	default
3	262	918	268	928	default
4429K815	292	918	340	928	default
229.28	354	918	386	928	default
4	236	928	242	938	default
31/2	262	928	280	938	default
4429K478	292	928	340	938	default
232.70	354	928	386	938	default
A	196	627	202	635	default
B	238	615	244	623	default
Inline	540	157	567	167	default
Tees	570	157	592	167	default
A	531	138	537	146	default
A	592	123	598	131	default
B	561	103	567	111	default
Right-Angle	524	492	583	501	default
Tees	586	492	608	501	default
A	531	473	537	481	default
A	563	437	569	446	default
B	592	457	598	466	default
(Continued	427	60	490	71	default
from	493	60	520	71	default
previous	523	60	572	71	default
page)	575	60	607	71	default
NPT	60	75	81	84	default
Reducers	84	75	132	84	default
Pipe	406	168	427	177	default
Size	430	168	449	177	default
(A)	404	177	416	187	default
(B)	436	177	449	187	default
1/4	409	190	421	200	default
1/8	442	190	453	200	default
4429K223	463	190	511	200	default
$12.46	526	190	558	200	default
1/4	409	199	421	209	default
3/8	442	199	453	209	default
4429K826	463	200	511	209	default
15.46	532	200	558	209	default
3/8	409	209	421	219	default
1/8	442	209	453	219	default
4429K827	463	209	511	219	default
14.65	532	209	558	219	default
3/8	409	219	421	229	default
1/4	442	219	453	229	default
4429K224	463	219	511	229	default
12.46	532	219	558	229	default
3/8	409	229	421	238	default
1/2	442	229	453	238	default
4429K225	463	229	511	238	default
14.73	532	229	558	238	default
1/2	409	241	421	251	default
1/4	442	241	453	251	default
4429K226	463	241	511	251	default
12.46	532	241	558	251	default
1/2	409	251	421	261	default
3/8	442	251	453	261	default
4429K377	463	251	511	261	default
11.87	532	251	558	261	default
1/2	409	260	421	270	default
3/4	442	260	453	270	default
4429K228	463	261	511	270	default
16.00	532	261	558	270	default
1/2	409	270	421	280	default
1	436	270	442	280	default
4429K829	463	270	511	280	default
42.96	532	270	558	280	default
3/4	409	283	421	293	default
1/4	442	283	453	293	default
4429K229	463	283	511	293	default
14.98	532	283	558	293	default
3/4	409	292	421	302	default
3/8	442	292	453	302	default
4429K333	463	293	511	302	default
14.27	532	293	558	302	default
3/4	409	302	421	312	default
1/2	442	302	453	312	default
4429K232	463	302	511	312	default
14.98	532	302	558	312	default
3/4	409	312	421	322	default
1	436	312	442	322	default
4429K234	463	312	511	322	default
34.57	532	312	558	322	default
3/4	409	322	421	331	default
11/2	436	322	453	331	default
4429K833	463	322	511	331	default
88.46	532	322	558	331	default
1	404	334	409	344	default
1/4	442	334	453	344	default
4429K235	463	334	511	344	default
32.45	532	334	558	344	default
1	404	344	409	354	default
3/8	442	344	453	354	default
4429K837	463	344	511	354	default
37.40	532	344	558	354	default
1	404	354	409	363	default
1/2	442	354	453	363	default
4429K236	463	354	511	363	default
32.45	532	354	558	363	default
1	404	363	409	373	default
3/4	442	363	453	373	default
4429K238	463	363	511	373	default
32.46	532	363	558	373	default
1	404	373	409	383	default
11/4	436	373	453	383	default
4429K838	463	373	511	383	default
58.18	532	373	558	383	default
1	404	383	409	393	default
11/2	436	383	453	393	default
4429K334	463	383	511	393	default
75.88	532	383	558	393	default
11/4	404	392	421	402	default
1/2	442	392	453	402	default
4429K242	463	393	511	402	default
44.26	532	393	558	402	default
Pipe	577	168	598	177	default
Size	601	168	620	177	default
(A)	574	177	586	187	default
(B)	607	177	620	187	default
11/4	574	190	591	200	default
3/4	613	190	624	200	default
4429K381	634	190	682	200	default
$44.07	697	190	729	200	default
11/4	574	199	591	209	default
1	607	200	613	209	default
4429K379	634	200	682	209	default
44.07	703	200	729	209	default
11/4	574	209	591	219	default
11/2	607	209	624	219	default
4429K378	634	209	682	219	default
75.85	703	209	729	219	default
11/2	574	222	591	231	default
1/2	613	222	624	231	default
4429K384	634	222	682	231	default
60.73	703	222	729	231	default
11/2	574	231	591	241	default
3/4	613	231	624	241	default
4429K341	634	231	682	241	default
60.73	703	231	729	241	default
11/2	574	241	591	251	default
1	607	241	613	251	default
4429K339	634	241	682	251	default
60.73	703	241	729	251	default
11/2	574	251	591	261	default
2	607	251	613	261	default
4429K338	634	251	682	261	default
116.55	697	251	729	261	default
2	574	263	580	273	default
1/2	613	263	624	273	default
4429K389	634	263	682	273	default
98.83	703	263	729	273	default
2	574	273	580	283	default
3/4	613	273	624	283	default
4429K243	634	273	682	283	default
98.83	703	273	729	283	default
2	574	283	580	293	default
1	607	283	613	293	default
4429K244	634	283	682	293	default
98.83	703	283	729	293	default
2	574	293	580	302	default
11/4	607	292	624	302	default
4429K388	634	293	682	302	default
98.83	703	293	729	302	default
2	574	302	580	312	default
11/2	607	302	624	312	default
4429K387	634	302	682	312	default
98.83	703	302	729	312	default
2	574	312	580	322	default
3	607	312	613	322	default
4429K846	634	312	682	322	default
389.55	697	312	729	322	default
21/2	574	324	591	334	default
3/4	613	324	624	334	default
4429K393	634	325	682	334	default
207.73	697	325	729	334	default
21/2	574	334	591	344	default
11/2	607	334	624	344	default
4429K346	634	334	682	344	default
206.86	697	334	729	344	default
21/2	574	344	591	354	default
2	607	344	613	354	default
4429K345	634	344	682	354	default
206.00	697	344	729	354	default
3	574	356	580	366	default
1	607	356	613	366	default
4429K348	634	356	682	366	default
310.57	697	356	729	366	default
3	574	366	580	376	default
11/2	607	366	624	376	default
4429K851	634	366	682	376	default
287.96	697	366	729	376	default
3	574	376	580	386	default
2	607	376	613	386	default
4429K347	634	376	682	386	default
287.97	697	376	729	386	default
3	574	386	580	395	default
21/2	607	385	624	395	default
4429K852	634	386	682	395	default
330.36	697	386	729	395	default
Pipe	406	501	427	511	default
Size	430	501	449	511	default
(A)	404	511	416	520	default
(B)	436	511	449	520	default
3/8	409	523	421	533	default
1/4	442	523	453	533	default
4429K828	463	523	511	533	default
$15.46	526	523	558	533	default
1/2	409	533	421	543	default
1/4	442	533	453	543	default
4429K227	463	533	511	543	default
13.41	532	533	558	543	default
1/2	409	542	421	552	default
3/8	442	542	453	552	default
4429K332	463	543	511	552	default
11.87	532	543	558	552	default
1/2	409	552	421	562	default
3/4	442	552	453	562	default
4429K231	463	552	511	562	default
15.94	532	552	558	562	default
3/4	409	565	421	575	default
1/2	442	565	453	575	default
4429K233	463	565	511	575	default
14.98	532	565	558	575	default
3/4	409	574	421	584	default
1	436	575	442	584	default
4429K237	463	575	511	584	default
34.57	532	575	558	584	default
3/4	409	584	421	594	default
11/4	436	584	453	594	default
4429K382	463	584	511	594	default
51.96	532	584	558	594	default
1	404	597	409	606	default
1/2	442	597	453	606	default
4429K239	463	597	511	606	default
35.01	532	597	558	606	default
1	404	606	409	616	default
3/4	442	606	453	616	default
4429K241	463	606	511	616	default
33.90	532	606	558	616	default
1	404	616	409	626	default
11/2	436	616	453	626	default
4429K385	463	616	511	626	default
75.82	532	616	558	626	default
11/4	404	626	421	636	default
1/2	442	626	453	636	default
4429K383	463	626	511	636	default
54.52	532	626	558	636	default
Pipe	577	501	598	511	default
Size	601	501	620	511	default
(A)	574	511	586	520	default
(B)	607	511	620	520	default
11/4	574	523	591	533	default
3/4	613	523	624	533	default
4429K337	634	523	682	533	default
$48.32	697	523	729	533	default
11/4	574	533	591	543	default
1	607	533	613	543	default
4429K336	634	533	682	543	default
49.16	703	533	729	543	default
11/2	574	542	591	552	default
1/2	613	542	624	552	default
4429K343	634	543	682	552	default
66.63	703	543	729	552	default
11/2	574	552	591	562	default
3/4	613	552	624	562	default
4429K386	634	552	682	562	default
67.78	703	552	729	562	default
11/2	574	562	591	572	default
1	607	562	613	572	default
4429K342	634	562	682	572	default
65.52	703	562	729	572	default
2	574	575	580	584	default
3/4	613	574	624	584	default
4429K344	634	575	682	584	default
106.60	697	575	729	584	default
2	574	584	580	594	default
1	607	584	613	594	default
4429K392	634	584	682	594	default
108.41	697	584	729	594	default
2	574	594	580	604	default
11/2	607	594	624	604	default
4429K391	634	594	682	604	default
107.50	697	594	729	604	default
2	574	604	580	613	default
3	607	604	613	613	default
4429K847	634	604	682	613	default
389.55	697	604	729	613	default
21/2	574	616	591	626	default
3	607	616	613	626	default
4429K849	634	616	682	626	default
389.55	697	616	729	626	default
3	574	626	580	636	default
2	607	626	613	636	default
4429K848	634	626	682	636	default
356.30	697	626	729	636	default
##LTFigure##	316	142	368	173	default
##LTFigure##	356	145	362	151	default
##LTFigure##	215	135	263	172	default
##LTFigure##	548	851	592	879	default
##LTFigure##	204	611	252	641	default
##LTFigure##	538	113	606	152	default
##LTFigure##	539	447	604	486	default
##LTFigure##	534	670	598	721	default
