6	32	960	42	973	default
Stainless	72	29	167	48	default
Steel	173	29	227	48	default
Pipe	233	29	279	48	default
Fittings	286	29	364	48	default
(Continued	281	942	344	953	default
on	347	942	362	953	default
following	365	942	417	953	default
page)	420	942	452	953	default
(Continued	474	219	537	230	default
from	540	219	567	230	default
previous	570	219	619	230	default
page)	622	219	654	230	default
Pipe	53	70	74	79	default
size	76	70	94	79	default
is	97	70	105	79	default
not	107	70	122	79	default
an	125	70	136	79	default
actual	139	70	167	79	default
measured	170	70	216	79	default
size,	218	70	239	79	default
but	242	70	257	79	default
rather	260	70	287	79	default
an	290	70	301	79	default
industry	304	70	341	79	default
designation	343	70	397	79	default
Align	403	70	426	79	default
your	429	70	449	79	default
pipe	452	70	472	79	default
or	475	70	484	79	default
fitting	487	70	513	79	default
with	515	70	535	79	default
the	537	70	552	79	default
“0”	554	70	569	79	default
line	572	70	588	79	default
as	590	70	601	79	default
shown	604	70	634	79	default
The	640	70	657	79	default
line	660	70	676	79	default
on	679	70	690	79	default
the	43	79	57	89	default
opposite	60	79	101	89	default
edge	103	79	127	89	default
gives	129	79	154	89	default
the	156	79	171	89	default
pipe	174	79	194	89	default
size	197	79	215	89	default
You	220	79	238	89	default
can	240	79	257	89	default
also	260	79	279	89	default
measure	282	79	322	89	default
the	324	79	339	89	default
OD	342	79	357	89	default
of	360	79	369	89	default
male	372	79	394	89	default
threads	397	79	431	89	default
or	434	79	444	89	default
the	446	79	461	89	default
ID	464	79	474	89	default
of	476	79	485	89	default
female	488	79	519	89	default
threads,	522	79	560	89	default
then	562	79	583	89	default
find	586	79	603	89	default
the	606	79	620	89	default
corresponding	623	79	690	89	default
pipe	43	89	63	99	default
size	66	89	84	99	default
in	87	89	95	99	default
the	98	89	112	99	default
chart	115	89	139	99	default
If	145	89	150	99	default
your	153	89	174	99	default
measurement	177	89	240	99	default
doesn’t	243	89	278	99	default
match	280	89	310	99	default
an	312	89	324	99	default
OD	327	89	342	99	default
or	345	89	354	99	default
ID	357	89	367	99	default
listed,	370	89	398	99	default
round	401	89	428	99	default
to	431	89	440	99	default
the	443	89	457	99	default
nearest	460	89	494	99	default
1/80	497	89	513	99	default
How	43	59	65	69	default
to	68	59	78	69	default
Measure	81	59	124	69	default
Pipe	127	59	149	69	default
Size	152	59	172	69	default
for	175	59	189	69	default
NPT	192	59	213	69	default
or	216	59	226	69	default
BSP	229	59	250	69	default
Threads—Example	253	59	344	69	default
shows	347	59	377	69	default
pipe	380	59	400	69	default
size	403	59	421	69	default
3/8	424	59	435	69	default
To	58	184	69	194	default
measure	72	184	112	194	default
larger	115	184	141	194	default
pipe	144	184	164	194	default
sizes,	167	184	193	194	default
go	196	184	208	194	default
to	211	184	220	194	default
mcmaster	223	184	269	194	default
com	271	184	292	194	default
and	295	184	312	194	default
search	315	184	346	194	default
for	349	184	361	194	default
4464KAC	364	184	410	194	default
For	415	184	431	194	default
information	434	184	486	194	default
about	489	184	516	194	default
fittings	519	184	550	194	default
and	553	184	570	194	default
pipe,	573	184	596	194	default
see	599	184	616	194	default
pages	618	184	647	194	default
2-3	650	184	665	194	default
Pipe	394	156	415	166	default
Size:ID:	418	156	442	178	default
0	447	168	453	178	default
1	543	168	548	178	default
38	480	166	488	177	default
1	465	167	469	174	default
4	470	171	474	178	default
12	493	166	502	178	default
34	521	166	530	177	default
34	634	166	644	177	default
1	604	168	609	178	default
114	566	166	580	178	default
1	629	168	635	178	default
58	507	166	516	177	default
58	609	166	618	177	default
˝	642	166	645	177	default
˝	617	166	619	177	default
˝	579	166	581	177	default
˝	529	166	531	177	default
˝	515	166	517	177	default
˝	500	166	503	177	default
˝	487	166	489	177	default
˝	472	166	475	177	default
˝	548	167	551	178	default
0	446	156	452	166	default
1	571	156	576	166	default
18	480	154	489	165	default
116	464	154	477	165	default
14	493	154	502	165	default
12	521	154	530	165	default
34	542	154	551	165	default
114	604	154	617	166	default
112	629	154	643	166	default
38	507	154	516	165	default
Pipe	74	156	96	166	default
Size:OD:	99	156	123	178	default
0	128	156	133	166	default
0	128	168	133	178	default
1	263	156	269	166	default
1	296	156	302	166	default
1	325	156	331	166	default
1	238	168	244	177	default
1838	168	155	177	177	default
1161	153	155	166	173	default
4	158	170	162	177	default
14	181	155	190	166	default
14	302	155	311	166	default
12	181	166	190	177	default
12	213	155	222	166	default
12	330	155	339	166	default
34	213	166	222	177	default
34	236	155	245	166	default
114	259	166	272	178	default
3858	195	155	204	177	default
˝	272	166	274	177	default
1	297	168	303	178	default
˝	221	166	223	177	default
34˝	330	166	341	177	default
˝	203	166	205	177	default
58˝	303	166	313	177	default
1	324	168	330	178	default
˝	188	166	191	177	default
˝	176	166	179	177	default
˝	161	166	164	177	default
˝	243	166	246	178	default
•	35	254	39	262	default
Flanges:	43	252	82	262	default
Use	85	252	103	262	default
threaded	106	252	147	262	default
Class	150	252	176	262	default
150	179	252	196	262	default
low-pressure	199	252	259	262	default
stainless	43	262	83	272	default
steel	86	262	108	272	default
(see	111	262	130	272	default
page	133	262	156	272	default
9)	159	262	167	272	default
•	35	234	39	242	default
Pipe	43	233	63	243	default
Nipples	66	233	101	243	default
and	104	233	122	243	default
Pipe:	125	233	148	243	default
Use	151	233	170	243	default
threaded	173	233	214	243	default
Schedule	217	233	260	243	default
40	263	233	275	243	default
standard-wall	43	243	106	252	default
stainless	109	243	149	252	default
steel	152	243	174	252	default
(see	177	243	196	252	default
pages	199	243	227	252	default
10-13)	230	243	260	252	default
Use	303	233	321	243	default
these	323	233	349	243	default
fittings	351	233	382	243	default
in	385	233	393	243	default
a	396	233	401	243	default
low-pressure	404	233	464	243	default
pipe	467	233	487	243	default
line	489	233	505	243	default
They	511	233	533	243	default
are	536	233	550	243	default
also	553	233	572	243	default
known	575	233	605	243	default
as	608	233	619	243	default
Class	621	233	647	243	default
150	650	233	667	243	default
fittings	669	233	701	243	default
and	292	243	310	252	default
are	312	243	327	252	default
heat	330	243	350	252	default
treated,	352	243	388	252	default
except	391	243	422	252	default
through-wall	425	243	483	252	default
fittings	486	243	517	252	default
and	520	243	537	252	default
fittings	540	243	571	252	default
for	574	243	586	252	default
tanks	589	243	614	252	default
Fittings	620	243	654	252	default
that	657	243	675	252	default
meet	677	243	701	252	default
ANSI/MSS	292	252	342	262	default
SP-114	345	252	379	262	default
adhere	382	252	414	262	default
to	417	252	426	262	default
high-quality	429	252	483	262	default
standards	486	252	532	262	default
for	535	252	548	262	default
heat	550	252	570	262	default
treating,	573	252	611	262	default
material	614	252	651	262	default
thickness,	654	252	701	262	default
and	292	262	310	272	default
marking	313	262	350	272	default
304	303	272	320	281	default
stainless	323	272	367	281	default
steel	371	272	395	281	default
fittings	398	272	429	281	default
have	432	272	455	281	default
very	458	272	477	281	default
good	481	272	505	281	default
corrosion	508	272	552	281	default
resistance	555	272	603	281	default
316	609	272	626	281	default
stainless	629	272	673	281	default
steel	677	272	701	281	default
fittings	292	281	323	291	default
have	326	281	348	291	default
excellent	351	281	393	291	default
corrosion	396	281	439	291	default
resistance	442	281	489	291	default
Low-Pressure	32	216	146	231	default
Stainless	151	216	226	231	default
Steel	231	216	273	231	default
Threaded	278	216	357	231	default
Pipe	362	216	398	231	default
Fittings	403	216	465	231	default
A	344	629	350	637	default
B	385	618	391	627	default
Pipe	52	653	73	663	default
Size	75	653	95	663	default
304	197	653	215	663	default
Stainless	169	663	215	672	default
Steel	217	663	242	672	default
316	303	653	320	663	default
Stainless	275	663	320	672	default
Steel	323	663	348	672	default
(A)	32	663	44	672	default
(B)	96	663	109	672	default
1/4	38	675	49	685	default
1/8	102	675	113	685	default
4464K261	160	675	208	685	default
$2.75	226	675	252	685	default
4452K161	265	675	313	685	default
$3.09	331	675	357	685	default
3/8	38	685	49	695	default
1/8	102	685	113	695	default
4464K262	160	685	208	695	default
3.00	232	685	252	695	default
4452K162	265	685	313	695	default
3.54	337	685	357	695	default
3/8	38	694	49	704	default
1/4	102	694	113	704	default
4464K263	160	695	208	704	default
3.00	232	695	252	704	default
4452K163	265	695	313	704	default
3.54	337	695	357	704	default
1/2	38	704	49	714	default
1/8	102	704	113	714	default
4464K264	160	704	208	714	default
3.79	232	704	252	714	default
4452K164	265	704	313	714	default
4.16	337	704	357	714	default
1/2	38	714	49	724	default
1/4	102	714	113	724	default
4464K265	160	714	208	724	default
3.79	232	714	252	724	default
4452K165	265	714	313	724	default
4.16	337	714	357	724	default
1/2	38	724	49	734	default
3/8	102	724	113	734	default
4464K266	160	724	208	734	default
3.79	232	724	252	734	default
4452K166	265	724	313	734	default
4.16	337	724	357	734	default
3/4	38	736	49	746	default
1/8	102	736	113	746	default
4464K267	160	736	208	746	default
5.53	232	736	252	746	default
4452K167	265	736	313	746	default
6.16	337	736	357	746	default
3/4	38	746	49	756	default
1/4	102	746	113	756	default
4464K268	160	746	208	756	default
5.53	232	746	252	756	default
4452K168	265	746	313	756	default
6.16	337	746	357	756	default
3/4	38	756	49	765	default
3/8	102	756	113	765	default
4464K269	160	756	208	766	default
5.53	232	756	252	765	default
4452K169	265	756	313	766	default
6.16	337	756	357	765	default
3/4	38	765	49	775	default
1/2	102	765	113	775	default
4464K271	160	766	208	775	default
5.53	232	765	252	775	default
4452K171	265	766	313	775	default
6.16	337	765	357	775	default
1	32	778	38	788	default
1/8	102	778	113	788	default
4464K272	160	778	208	788	default
7.70	232	778	252	788	default
4452K293	265	778	313	788	default
9.28	337	778	357	788	default
1	32	788	38	797	default
1/4	102	788	113	797	default
4464K273	160	788	208	797	default
7.70	232	788	252	797	default
4452K173	265	788	313	797	default
8.78	337	788	357	797	default
1	32	797	38	807	default
3/8	102	797	113	807	default
4464K274	160	797	208	807	default
7.70	232	797	252	807	default
4452K174	265	797	313	807	default
8.78	337	797	357	807	default
1	32	807	38	817	default
1/2	102	807	113	817	default
4464K275	160	807	208	817	default
7.70	232	807	252	817	default
4452K175	265	807	313	817	default
8.78	337	807	357	817	default
1	32	817	38	827	default
3/4	102	817	113	827	default
4464K276	160	817	208	827	default
7.70	232	817	252	827	default
4452K176	265	817	313	827	default
8.78	337	817	357	827	default
11/4	32	829	49	839	default
1/4	102	829	113	839	default
4464K278	160	829	208	839	default
13.76	226	829	252	839	default
4452K178	265	829	313	839	default
17.18	331	829	357	839	default
11/4	32	839	49	849	default
3/8	102	839	113	849	default
4464K279	160	839	208	849	default
13.76	226	839	252	849	default
4452K294	265	839	313	849	default
18.09	331	839	357	849	default
11/4	32	849	49	859	default
1/2	102	849	113	859	default
4464K281	160	849	208	859	default
13.76	226	849	252	859	default
4452K134	265	849	313	859	default
17.18	331	849	357	859	default
11/4	32	858	49	868	default
3/4	102	858	113	868	default
4464K282	160	859	208	868	default
13.76	226	859	252	868	default
4452K181	265	859	313	868	default
17.18	331	859	357	868	default
11/4	32	868	49	878	default
1	96	868	102	878	default
4464K151	160	868	208	878	default
15.53	226	868	252	878	default
4452K182	265	868	313	878	default
17.18	331	868	357	878	default
11/2	32	881	49	890	default
1/4	102	881	113	890	default
4464K153	160	881	208	891	default
16.47	226	881	252	890	default
4452K184	265	881	313	891	default
20.34	331	881	357	890	default
11/2	32	890	49	900	default
3/8	102	890	113	900	default
4464K154	160	891	208	900	default
16.47	226	890	252	900	default
4452K295	265	891	313	900	default
21.42	331	890	357	900	default
11/2	32	900	49	910	default
1/2	102	900	113	910	default
4464K155	160	900	208	910	default
16.47	226	900	252	910	default
4452K186	265	900	313	910	default
20.34	331	900	357	910	default
11/2	32	910	49	920	default
3/4	102	910	113	920	default
4464K156	160	910	208	920	default
16.47	226	910	252	920	default
4452K187	265	910	313	920	default
20.34	331	910	357	920	default
11/2	32	919	49	929	default
1	96	920	102	929	default
4464K157	160	920	208	929	default
16.47	226	920	252	929	default
4452K188	265	920	313	929	default
20.34	331	920	357	929	default
11/2	32	929	49	939	default
11/4	96	929	113	939	default
4464K158	160	929	208	939	default
16.47	226	929	252	939	default
4452K189	265	929	313	939	default
20.34	331	929	357	939	default
Pipe	392	653	413	663	default
Size	416	653	435	663	default
304	532	653	549	663	default
Stainless	504	663	549	672	default
Steel	552	663	577	672	default
316	643	653	660	663	default
Stainless	615	663	660	672	default
Steel	663	663	688	672	default
(A)	375	663	387	672	default
(B)	433	663	446	672	default
2	375	675	381	685	default
1/4	439	675	450	685	default
.4464K191	487	675	539	685	default
$25.13	557	675	589	685	default
4452K199	603	675	651	685	default
$28.86	669	675	701	685	default
2	375	685	381	695	default
3/8	439	685	450	695	default
.4464K159	487	685	539	695	default
25.13	563	685	589	695	default
4452K191	603	685	651	695	default
30.39	675	685	701	695	default
2	375	695	381	704	default
1/2	439	694	450	704	default
.4464K171	487	694	539	704	default
25.13	563	695	589	704	default
4452K192	603	695	651	704	default
27.40	675	695	701	704	default
2	375	704	381	714	default
3/4	439	704	450	714	default
.4464K172	487	704	539	714	default
25.13	563	704	589	714	default
4452K193	603	704	651	714	default
24.71	675	704	701	714	default
2	375	717	381	727	default
1	433	717	439	727	default
4464K173	491	717	539	727	default
25.13	563	717	589	727	default
4452K194	603	717	651	727	default
28.36	675	717	701	727	default
2	375	727	381	736	default
11/4	433	726	450	736	default
.4464K174	487	726	539	736	default
25.13	563	727	589	736	default
4452K195	603	727	651	736	default
28.87	675	727	701	736	default
2	375	736	381	746	default
11/2	433	736	450	746	default
.4464K175	487	736	539	746	default
25.13	563	736	589	746	default
4452K196	603	736	651	746	default
29.40	675	736	701	746	default
21/2	375	749	392	759	default
1/2	439	749	450	759	default
.4464K814	487	749	539	759	default
38.90	563	749	589	759	default
4452K911	603	749	651	759	default
51.62	675	749	701	759	default
21/2	375	758	392	768	default
3/4	439	758	450	768	default
.4464K824	487	758	539	768	default
38.90	563	759	589	768	default
4452K912	603	759	651	768	default
51.62	675	759	701	768	default
21/2	375	768	392	778	default
.1	430	768	439	778	default
4464K834	491	768	539	778	default
38.90	563	768	589	778	default
4452K913	603	768	651	778	default
51.62	675	768	701	778	default
21/2	375	778	392	788	default
.11/4	430	778	450	788	default
.4464K844	487	778	539	788	default
38.90	563	778	589	788	default
4452K914	603	778	651	788	default
51.62	675	778	701	788	default
21/2	375	788	392	797	default
.11/2	430	788	450	797	default
.4464K192	487	788	539	797	default
43.10	563	788	589	797	default
4452K158	603	788	651	797	default
49.05	675	788	701	797	default
21/2	375	797	392	807	default
.2	430	797	439	807	default
4464K176	491	797	539	807	default
43.10	563	797	589	807	default
4452K197	603	797	651	807	default
49.05	675	797	701	807	default
3	375	810	381	820	default
3/4	439	810	450	820	default
.4464K854	487	810	539	820	default
59.62	563	810	589	820	default
4452K915	603	810	651	820	default
68.07	675	810	701	820	default
3	375	820	381	829	default
1	433	820	439	829	default
4464K177	491	820	539	829	default
66.06	563	820	589	829	default
4452K198	603	820	651	829	default
75.42	675	820	701	829	default
3	375	829	381	839	default
11/4	433	829	450	839	default
.4464K864	487	829	539	839	default
59.62	563	829	589	839	default
4452K916	603	829	651	839	default
68.07	675	829	701	839	default
3	375	839	381	849	default
11/2	433	839	450	849	default
.4464K193	487	839	539	849	default
66.06	563	839	589	849	default
4452K159	603	839	651	849	default
72.82	675	839	701	849	default
3	375	849	381	859	default
2	433	849	439	859	default
4464K178	491	849	539	859	default
66.06	563	849	589	859	default
4452K154	603	849	651	859	default
79.40	675	849	701	859	default
3	375	859	381	868	default
21/2	433	858	450	868	default
.4464K179	487	858	539	868	default
66.06	563	859	589	868	default
4452K156	603	859	651	868	default
71.59	675	859	701	868	default
4	375	871	381	881	default
1	433	871	439	881	default
4464K874	491	871	539	881	default
135.56	557	871	589	881	default
4452K917	603	871	651	881	default
128.75	669	871	701	881	default
4	375	881	381	890	default
11/4	433	881	450	891	default
.4464K884	487	881	539	891	default
120.18	557	881	589	890	default
4452K918	603	881	651	891	default
128.75	669	881	701	890	default
4	375	890	381	900	default
11/2	433	890	450	900	default
.4464K894	487	890	539	900	default
120.18	557	890	589	900	default
4452K919	603	891	651	900	default
128.75	669	890	701	900	default
4	375	900	381	910	default
2	433	900	439	910	default
4464K187	491	900	539	910	default
120.18	557	900	589	910	default
4452K157	603	900	651	910	default
128.76	669	900	701	910	default
4	375	910	381	920	default
21/2	433	910	450	920	default
.4464K815	487	910	539	920	default
120.18	557	910	589	920	default
4452K921	603	910	651	920	default
128.75	669	910	701	920	default
4	375	920	381	929	default
3	433	920	439	929	default
4464K188	491	920	539	929	default
120.18	557	920	589	929	default
4452K155	603	920	651	929	default
142.82	669	920	701	929	default
A	341	346	347	354	default
B	387	332	393	340	default
Straights,	323	362	371	372	default
Female	374	362	410	372	default
Pipe	52	372	73	382	default
Size	75	372	95	382	default
304	197	372	215	382	default
Stainless	169	382	215	391	default
Steel	217	382	242	391	default
316	303	372	320	382	default
Stainless	275	382	320	391	default
Steel	323	382	348	391	default
(A)	32	382	44	391	default
(B)	96	382	109	391	default
1/4	38	394	49	404	default
1/8	102	394	113	404	default
4464K519	160	394	208	404	default
$4.21	226	394	252	404	default
4452K248	265	394	313	404	default
$4.78	331	394	357	404	default
3/8	38	404	49	414	default
1/8	102	404	113	414	default
4464K521	160	404	208	414	default
4.66	232	404	252	414	default
4452K249	265	404	313	414	default
5.28	337	404	357	414	default
3/8	38	413	49	423	default
1/4	102	413	113	423	default
4464K522	160	414	208	423	default
4.83	232	414	252	423	default
4452K251	265	414	313	423	default
5.38	337	414	357	423	default
1/2	38	426	49	436	default
1/8	102	426	113	436	default
4464K523	160	426	208	436	default
4.79	232	426	252	436	default
4452K252	265	426	313	436	default
6.39	337	426	357	436	default
1/2	38	436	49	446	default
1/4	102	436	113	446	default
4464K524	160	436	208	446	default
4.99	232	436	252	446	default
4452K253	265	436	313	446	default
6.48	337	436	357	446	default
1/2	38	445	49	455	default
3/8	102	445	113	455	default
4464K525	160	446	208	455	default
5.19	232	446	252	455	default
4452K254	265	446	313	455	default
6.60	337	446	357	455	default
3/4	38	458	49	468	default
1/8	102	458	113	468	default
4464K526	160	458	208	468	default
6.70	232	458	252	468	default
4452K255	265	458	313	468	default
8.15	337	458	357	468	default
3/4	38	468	49	477	default
1/4	102	468	113	477	default
4464K527	160	468	208	478	default
6.95	232	468	252	477	default
4452K256	265	468	313	478	default
8.30	337	468	357	477	default
3/4	38	477	49	487	default
3/8	102	477	113	487	default
4464K528	160	478	208	487	default
7.21	232	477	252	487	default
4452K257	265	478	313	487	default
8.46	337	477	357	487	default
3/4	38	487	49	497	default
1/2	102	487	113	497	default
4464K529	160	487	208	497	default
7.50	232	487	252	497	default
4452K258	265	487	313	497	default
8.62	337	487	357	497	default
1	32	500	38	509	default
1/8	102	500	113	509	default
4464K531	160	500	208	509	default
9.16	232	500	252	509	default
4452K259	265	500	313	509	default
14.19	331	500	357	509	default
1	32	509	38	519	default
1/4	102	509	113	519	default
4464K532	160	509	208	519	default
9.49	232	509	252	519	default
4452K261	265	509	313	519	default
12.79	331	509	357	519	default
1	32	519	38	529	default
3/8	102	519	113	529	default
4464K533	160	519	208	529	default
9.86	232	519	252	529	default
4452K262	265	519	313	529	default
13.01	331	519	357	529	default
1	32	529	38	539	default
1/2	102	529	113	539	default
4464K534	160	529	208	539	default
10.25	226	529	252	539	default
4452K263	265	529	313	539	default
13.24	331	529	357	539	default
1	32	539	38	548	default
3/4	102	538	113	548	default
4464K535	160	539	208	548	default
10.68	226	539	252	548	default
4452K264	265	539	313	548	default
13.48	331	539	357	548	default
11/4	32	551	49	561	default
3/8	102	551	113	561	default
4464K536	160	551	208	561	default
13.35	226	551	252	561	default
4452K265	265	551	313	561	default
18.52	331	551	357	561	default
11/4	32	561	49	571	default
1/2	102	561	113	571	default
4464K537	160	561	208	571	default
13.85	226	561	252	571	default
4452K266	265	561	313	571	default
16.70	331	561	357	571	default
11/4	32	570	49	580	default
3/4	102	570	113	580	default
4464K538	160	571	208	580	default
14.38	226	571	252	580	default
4452K267	265	571	313	580	default
16.99	331	571	357	580	default
11/4	32	580	49	590	default
1	96	580	102	590	default
4464K539	160	580	208	590	default
14.96	226	580	252	590	default
4452K268	265	580	313	590	default
17.29	331	580	357	590	default
11/2	32	590	49	600	default
3/8	102	590	113	600	default
4464K541	160	590	208	600	default
19.31	226	590	252	600	default
4452K269	265	590	313	600	default
24.70	331	590	357	600	default
11/2	32	600	49	609	default
1/2	102	600	113	609	default
4464K542	160	600	208	609	default
20.02	226	600	252	609	default
4452K271	265	600	313	609	default
22.27	331	600	357	609	default
Pipe	392	372	413	382	default
Size	416	372	435	382	default
304	532	372	549	382	default
Stainless	504	382	549	391	default
Steel	552	382	577	391	default
316	643	372	660	382	default
Stainless	615	382	660	391	default
Steel	663	382	688	391	default
(A)	375	382	387	391	default
(B)	433	382	446	391	default
11/2	375	394	392	404	default
3/4	439	394	450	404	default
.4464K543	487	394	539	404	default
$20.79	557	394	589	404	default
4452K272	603	394	651	404	default
$22.65	669	394	701	404	default
11/2	375	404	392	414	default
.1	430	404	439	414	default
4464K544	491	404	539	414	default
21.62	563	404	589	414	default
4452K273	603	404	651	414	default
23.05	675	404	701	414	default
11/2	375	413	392	423	default
.11/4	430	413	450	423	default
.4464K545	487	413	539	423	default
22.52	563	414	589	423	default
4452K274	603	414	651	423	default
23.46	675	414	701	423	default
2	375	426	381	436	default
1/2	439	426	450	436	default
.4464K546	487	426	539	436	default
32.20	563	426	589	436	default
4452K275	603	426	651	436	default
41.69	675	426	701	436	default
2	375	436	381	446	default
3/4	439	436	450	446	default
.4464K547	487	436	539	446	default
33.39	563	436	589	446	default
4452K276	603	436	651	446	default
37.59	675	436	701	446	default
2	375	446	381	455	default
1	433	446	439	455	default
4464K548	491	446	539	455	default
34.68	563	446	589	455	default
4452K277	603	446	651	455	default
38.24	675	446	701	455	default
2	375	455	381	465	default
11/4	433	455	450	465	default
.4464K549	487	455	539	465	default
36.06	563	455	589	465	default
4452K278	603	455	651	465	default
38.91	675	455	701	465	default
2	375	465	381	475	default
11/2	433	465	450	475	default
.4464K551	487	465	539	475	default
32.20	563	465	589	475	default
4452K279	603	465	651	475	default
39.60	675	465	701	475	default
21/2	375	477	392	487	default
.1	430	477	439	487	default
4464K552	491	478	539	487	default
70.27	563	477	589	487	default
4452K281	603	478	651	487	default
84.87	675	477	701	487	default
21/2	375	487	392	497	default
.11/4	430	487	450	497	default
.4464K553	487	487	539	497	default
71.42	563	487	589	497	default
4452K282	603	487	651	497	default
86.22	675	487	701	497	default
21/2	375	497	392	507	default
.11/2	430	497	450	507	default
.4464K554	487	497	539	507	default
72.61	563	497	589	507	default
4452K283	603	497	651	507	default
87.61	675	497	701	507	default
21/2	375	506	392	516	default
.2	430	506	439	516	default
4464K555	491	507	539	516	default
65.47	563	507	589	516	default
4452K284	603	507	651	516	default
89.04	675	507	701	516	default
3	375	519	381	529	default
1	433	519	439	529	default
4464K556	491	519	539	529	default
100.07	557	519	589	529	default
4452K285	603	519	651	529	default
115.46	669	519	701	529	default
3	375	529	381	539	default
11/4	433	529	450	539	default
.4464K557	487	529	539	539	default
101.71	557	529	589	539	default
4452K286	603	529	651	539	default
117.29	669	529	701	539	default
3	375	539	381	548	default
11/2	433	538	450	548	default
.4464K558	487	538	539	548	default
103.40	557	539	589	548	default
4452K287	603	539	651	548	default
119.18	669	539	701	548	default
3	375	548	381	558	default
2	433	548	439	558	default
4464K571	491	548	539	558	default
103.40	557	548	589	558	default
4452K288	603	548	651	558	default
121.14	669	548	701	558	default
3	375	558	381	568	default
21/2	433	558	450	568	default
.4464K572	487	558	539	568	default
103.40	557	558	589	568	default
4452K289	603	558	651	568	default
123.16	669	558	701	568	default
4	375	571	381	580	default
2	433	571	439	580	default
4464K573	491	571	539	580	default
142.74	557	571	589	580	default
4452K291	603	571	651	580	default
175.01	669	571	701	580	default
4	375	580	381	590	default
21/2	433	580	450	590	default
.4464K574	487	580	539	590	default
145.82	557	580	589	590	default
4452K292	603	580	651	590	default
177.55	669	580	701	590	default
4	375	590	381	600	default
3	433	590	439	600	default
4464K575	491	590	539	600	default
146.82	557	590	589	600	default
4452K296	603	590	651	600	default
204.18	669	590	701	600	default
NPT	32	297	53	307	default
Reducers	56	297	104	307	default
(Cont	107	297	133	307	default
)	136	297	139	307	default
•	35	311	39	319	default
Use	43	309	61	319	default
with	64	309	83	319	default
air,	86	309	99	319	default
natural	102	309	134	319	default
gas,	137	309	156	319	default
oil,	159	309	173	319	default
steam,	176	309	207	319	default
water	210	309	236	319	default
•	35	320	39	328	default
Maximum	43	319	88	329	default
Pressure:	91	319	135	329	default
150	138	319	155	329	default
psi	158	319	172	329	default
@	175	319	183	329	default
72°	186	319	201	329	default
F;	203	319	212	329	default
150	43	329	60	338	default
psi	63	329	76	338	default
@	79	329	88	338	default
360°	91	329	112	338	default
F	113	329	119	338	default
for	122	329	135	338	default
steam	138	329	166	338	default
Meet	303	309	326	319	default
ANSI/MSS	329	309	379	319	default
SP-114	381	309	416	319	default
and	419	309	437	319	default
ASTM	440	309	468	319	default
A351	471	309	495	319	default
Bushings,	306	643	355	653	default
Male	358	643	382	653	default
@	382	645	390	653	default
Female	391	643	427	653	default
##LTFigure##	438	104	522	141	default
##LTFigure##	130	104	201	145	default
##LTFigure##	352	614	393	640	default
##LTFigure##	348	329	397	359	default
