40	32	960	52	973	default
Stainless	72	29	167	48	default
Steel	173	29	227	48	default
Pipe	233	29	279	48	default
Fittings	286	29	364	48	default
Pipe	112	349	131	357	default
Tee	145	308	159	316	default
Outlet	162	308	188	316	default
Weldedto	151	316	182	333	default
Pipe	162	325	181	333	default
Pipe	32	392	53	402	default
Size	32	402	52	412	default
For	125	392	141	402	default
Pipe	143	392	164	402	default
Size	125	402	145	412	default
Ht	226	402	237	412	default
Max	322	392	342	402	default
psi	348	392	362	402	default
@	322	402	331	412	default
72°	334	402	349	412	default
F	351	402	357	412	default
304/304L	524	392	569	402	default
Stainless	510	402	555	412	default
Steel	558	402	583	412	default
316/316L	631	392	676	402	default
Stainless	617	402	662	412	default
Steel	665	402	690	412	default
1/4	38	414	49	424	default
1/4	131	414	142	424	default
to	145	415	155	424	default
36	158	415	169	424	default
5/80	232	414	247	425	default
3,000	322	415	348	424	default
4565T11	500	415	541	424	default
$25.78	561	415	593	424	default
4583T29	606	415	647	424	default
$30.91	669	415	701	424	default
3/8	38	424	49	434	default
3/8	131	424	142	434	default
to	145	424	155	434	default
36	158	424	169	434	default
3/40	232	424	247	434	default
3,000	322	424	348	434	default
4565T12	500	424	541	434	default
26.36	567	424	593	434	default
4583T31	606	424	647	434	default
30.91	675	424	701	434	default
1/2	38	434	49	444	default
1/2	131	434	142	444	default
to	145	434	155	444	default
36	158	434	169	444	default
3/40	232	434	247	444	default
3,000	322	434	348	444	default
4565T13	500	434	541	444	default
26.95	567	434	593	444	default
4583T32	606	434	647	444	default
30.91	675	434	701	444	default
3/4	38	444	49	453	default
3/4	131	444	142	453	default
to	145	444	155	453	default
36	158	444	169	453	default
7/80	232	443	247	454	default
3,000	322	444	348	453	default
4565T14	500	444	541	454	default
32.02	567	444	593	453	default
4583T33	606	444	647	454	default
36.46	675	444	701	453	default
1	32	453	38	463	default
1	125	453	131	463	default
to	134	453	143	463	default
36	146	453	158	463	default
11/160	226	453	252	464	default
3,000	322	453	348	463	default
4565T15	500	454	541	463	default
41.35	567	453	593	463	default
4583T34	606	454	647	463	default
47.59	675	453	701	463	default
11/4	32	463	49	473	default
11/4	125	463	142	473	default
to	145	463	155	473	default
36	158	463	169	473	default
11/40	226	463	247	473	default
3,000	322	463	348	473	default
4565T16	500	463	541	473	default
65.44	567	463	593	473	default
4583T35	606	463	647	473	default
74.56	675	463	701	473	default
11/2	32	473	49	483	default
11/2	125	473	142	483	default
to	145	473	155	483	default
36	158	473	169	483	default
15/160	226	473	252	483	default
2,800	322	473	348	483	default
4565T17	500	473	541	483	default
75.21	567	473	593	483	default
4583T36	606	473	647	483	default
90.52	675	473	701	483	default
2	32	483	38	492	default
2	125	483	131	492	default
to	134	483	143	492	default
36	146	483	158	492	default
11/20	226	482	247	493	default
2,500	322	483	348	492	default
4565T18	500	483	541	492	default
99.02	567	483	593	492	default
4583T37	606	483	647	492	default
105.42	669	483	701	492	default
Tee	386	309	402	319	default
outlets	404	309	435	319	default
allow	438	309	462	319	default
you	464	309	481	319	default
to	484	309	493	319	default
create	496	309	524	319	default
a	527	309	532	319	default
tap	535	309	550	319	default
anywhere	553	309	597	319	default
along	600	309	625	319	default
a	628	309	633	319	default
pipe	636	309	656	319	default
They	661	309	684	319	default
are	686	309	701	319	default
also	375	319	394	329	default
known	397	319	428	329	default
as	431	319	442	329	default
branch	445	319	477	329	default
connectors	480	319	532	329	default
and	535	319	553	329	default
are	556	319	570	329	default
comparable	573	319	629	329	default
to	632	319	641	329	default
Weldolet	644	319	684	329	default
To	690	319	701	329	default
install,	375	329	405	338	default
drill	408	329	424	338	default
a	427	329	433	338	default
hole	436	329	456	338	default
in	458	329	467	338	default
your	469	329	490	338	default
pipe	493	329	513	338	default
to	516	329	525	338	default
match	528	329	557	338	default
the	560	329	575	338	default
fitting’s	578	329	611	338	default
pipe	614	329	634	338	default
size	637	329	655	338	default
and	658	329	676	338	default
weld	679	329	701	338	default
in	375	338	383	348	default
place	386	338	412	348	default
Outlets	417	338	451	348	default
meet	454	338	477	348	default
ANSI/ASME	480	338	536	348	default
B16.11	539	338	572	348	default
and	575	338	592	348	default
MSS	595	338	618	348	default
SP-97	620	338	650	348	default
Tee	32	297	49	307	default
Outlets	52	297	88	307	default
•	205	311	209	319	default
Maximum	213	309	258	319	default
Pressure:	261	309	305	319	default
See	308	309	326	319	default
table;	329	309	354	319	default
600	213	319	230	329	default
psi	233	319	247	329	default
@	249	319	258	329	default
220°	261	319	282	329	default
F	283	319	289	329	default
for	292	319	305	329	default
steam	308	319	336	329	default
•	35	244	39	252	default
Pipe:	43	243	66	252	default
Use	69	243	87	252	default
unthreaded	90	243	143	252	default
Schedule	146	243	190	252	default
80	193	243	204	252	default
thick-wall	207	243	252	252	default
stainless	43	252	83	262	default
steel	86	252	108	262	default
(see	111	252	130	262	default
page	133	252	156	262	default
41)	159	252	173	262	default
Thick-Wall	32	216	117	231	default
Butt-Weld	122	216	204	231	default
Stainless	209	216	284	231	default
Steel	289	216	331	231	default
Unthreaded	336	216	433	231	default
Pipe	438	216	474	231	default
Fittings	480	216	541	231	default
•	35	547	39	555	default
Pipe:	43	546	66	556	default
Use	69	546	87	556	default
unthreaded	90	546	143	556	default
Schedule	146	546	190	556	default
80	193	546	204	556	default
thick-wall	207	546	252	556	default
stainless	43	556	83	565	default
steel	86	556	108	565	default
(see	111	556	130	565	default
page	133	556	156	565	default
41)	159	556	173	565	default
Connectors	387	613	442	623	default
meet	447	613	471	623	default
ANSI/ASME	476	613	533	623	default
B16.11	539	613	573	623	default
and	578	613	596	623	default
ASTM	601	613	630	623	default
A182,	636	613	663	623	default
except	668	613	701	623	default
unions	376	623	407	633	default
only	410	623	429	633	default
meet	432	623	455	633	default
ASTM	458	623	487	633	default
A182	490	623	514	633	default
Unions	387	633	421	642	default
separate	424	633	465	642	default
into	467	633	485	642	default
three	488	633	511	642	default
pieces	514	633	544	642	default
for	547	633	560	642	default
access	563	633	595	642	default
to	598	633	608	642	default
your	610	633	631	642	default
line	634	633	650	642	default
Forged	386	524	419	534	default
for	422	524	435	534	default
excellent	438	524	480	534	default
strength,	483	524	524	534	default
these	528	524	553	534	default
heavy	556	524	584	534	default
duty	587	524	608	534	default
socket-connect	611	524	685	534	default
fit-	688	524	701	534	default
tings	375	534	398	544	default
stand	400	534	426	544	default
up	428	534	440	544	default
to	443	534	452	544	default
high-pressure	454	534	518	544	default
applications	520	534	576	544	default
Also	581	534	601	544	default
known	604	534	634	544	default
as	637	534	647	544	default
Class	650	534	675	544	default
3000	678	534	701	544	default
fittings,	375	544	410	554	default
except	413	544	446	554	default
tee	449	544	464	554	default
outlets	467	544	499	554	default
Fittings	505	544	540	554	default
are	543	544	558	554	default
easier	561	544	589	554	default
to	593	544	602	554	default
weld	605	544	628	554	default
than	631	544	652	554	default
butt-weld	655	544	701	554	default
fittings	375	554	407	563	default
because	410	554	450	563	default
the	453	554	468	563	default
fitting	471	554	497	563	default
doesn’t	500	554	535	563	default
need	539	554	562	563	default
to	565	554	574	563	default
align	578	554	600	563	default
perfectly	603	554	644	563	default
to	647	554	656	563	default
the	659	554	674	563	default
pipe	677	554	698	563	default
Slide	375	563	398	573	default
pipe	401	563	421	573	default
into	423	563	440	573	default
the	443	563	457	573	default
socket	460	563	491	573	default
and	493	563	510	573	default
weld	513	563	535	573	default
for	537	563	550	573	default
a	552	563	558	573	default
strong,	560	563	592	573	default
permanent	595	563	644	573	default
connection	647	563	698	573	default
304	386	573	403	583	default
stainless	406	573	449	583	default
steel	452	573	476	583	default
fittings	478	573	509	583	default
have	512	573	534	583	default
very	536	573	556	583	default
good	558	573	582	583	default
corrosion	585	573	628	583	default
resistance	631	573	678	583	default
316	683	573	701	583	default
stainless	375	583	419	592	default
steel	422	583	446	592	default
fittings	449	583	480	592	default
have	483	583	505	592	default
excellent	508	583	549	592	default
corrosion	552	583	596	592	default
resistance	599	583	646	592	default
High-Pressure	32	508	150	523	default
Socket-Connect	156	508	287	523	default
Stainless	292	508	367	523	default
Steel	372	508	414	523	default
Unthreaded	419	508	516	523	default
Pipe	521	508	557	523	default
Fittings	563	508	624	523	default
•	35	615	39	623	default
Maximum	43	613	88	623	default
Pressure	91	613	132	623	default
(unless	135	613	167	623	default
noted):	170	613	203	623	default
304/304L	43	623	87	633	default
SS:	89	623	106	633	default
2,500	109	623	135	633	default
psi	138	623	151	633	default
@	154	623	162	633	default
72°	165	623	181	633	default
F;	182	623	191	633	default
1,900	194	623	220	633	default
psi	223	623	237	633	default
@	240	623	248	633	default
350°	251	623	272	633	default
F	274	623	280	633	default
for	282	623	295	633	default
steam	298	623	326	633	default
316/316L	43	633	87	642	default
SS:	89	633	106	642	default
3,000	109	633	135	642	default
psi	138	633	151	642	default
@	154	633	162	642	default
72°	165	633	181	642	default
F;	182	633	191	642	default
1,900	194	633	220	642	default
psi	223	633	237	642	default
@	240	633	248	642	default
350°	251	633	272	642	default
F	274	633	280	642	default
for	282	633	295	642	default
steam	298	633	326	642	default
Connectors	32	602	90	611	default
(Continued	281	943	344	954	default
on	347	943	362	954	default
following	365	943	417	954	default
page)	420	943	452	954	default
(Continued)	547	219	613	230	default
Pipe	53	70	74	79	default
size	77	70	95	79	default
is	98	70	106	79	default
not	109	70	124	79	default
an	127	70	139	79	default
actual	142	70	170	79	default
measured	173	70	219	79	default
size,	222	70	243	79	default
but	247	70	262	79	default
rather	265	70	292	79	default
an	295	70	307	79	default
industry	310	70	347	79	default
designation	350	70	404	79	default
Align	410	70	434	79	default
your	437	70	457	79	default
pipe	460	70	481	79	default
or	484	70	493	79	default
fitting	496	70	522	79	default
with	526	70	545	79	default
the	548	70	563	79	default
“0”	566	70	581	79	default
line	584	70	600	79	default
as	603	70	614	79	default
shown	617	70	648	79	default
The	654	70	671	79	default
line	674	70	690	79	default
on	43	79	54	89	default
the	58	79	72	89	default
opposite	75	79	116	89	default
edge	119	79	143	89	default
gives	146	79	170	89	default
the	173	79	188	89	default
pipe	191	79	211	89	default
size	215	79	233	89	default
You	239	79	256	89	default
can	259	79	276	89	default
also	279	79	298	89	default
measure	302	79	342	89	default
the	345	79	359	89	default
OD	363	79	378	89	default
of	381	79	390	89	default
your	393	79	414	89	default
pipe	417	79	437	89	default
and	440	79	458	89	default
butt-weld	461	79	506	89	default
fitting	509	79	535	89	default
or	538	79	547	89	default
the	551	79	565	89	default
ID	568	79	579	89	default
of	582	79	591	89	default
your	594	79	614	89	default
socket-connect	618	79	690	89	default
fitting,	43	89	71	99	default
then	74	89	95	99	default
find	98	89	115	99	default
the	118	89	133	99	default
corresponding	135	89	203	99	default
pipe	206	89	226	99	default
size	229	89	247	99	default
in	250	89	258	99	default
the	261	89	275	99	default
chart	278	89	302	99	default
If	308	89	313	99	default
your	316	89	337	99	default
measurement	340	89	403	99	default
doesn’t	406	89	440	99	default
match	443	89	472	99	default
an	475	89	487	99	default
OD	490	89	505	99	default
or	508	89	517	99	default
ID	520	89	530	99	default
listed,	533	89	561	99	default
round	564	89	591	99	default
to	593	89	603	99	default
the	606	89	620	99	default
nearest	623	89	657	99	default
1/80	660	89	676	99	default
How	43	59	65	69	default
to	68	59	78	69	default
Measure	81	59	124	69	default
Pipe	127	59	149	69	default
Size	152	59	172	69	default
for	175	59	189	69	default
Unthreaded	192	59	250	69	default
Pipe	253	59	275	69	default
and	278	59	296	69	default
Fittings—Example	299	59	387	69	default
shows	390	59	420	69	default
pipe	423	59	443	69	default
size	446	59	464	69	default
3/8	467	59	478	69	default
To	58	184	69	194	default
measure	72	184	112	194	default
larger	115	184	141	194	default
pipe	144	184	164	194	default
sizes,	167	184	193	194	default
go	196	184	208	194	default
to	211	184	220	194	default
mcmaster	223	184	269	194	default
com	271	184	292	194	default
and	295	184	312	194	default
search	315	184	346	194	default
for	349	184	361	194	default
4347KAC	364	184	410	194	default
For	415	184	431	194	default
information	434	184	486	194	default
about	489	184	516	194	default
fittings	519	184	550	194	default
and	553	184	570	194	default
pipe,	573	184	596	194	default
see	599	184	616	194	default
pages	618	184	647	194	default
2-3	650	184	665	194	default
Pipe	394	157	415	167	default
Size:	418	157	442	167	default
ID:	428	169	442	179	default
Pipe	74	157	96	167	default
Size:	99	157	123	167	default
OD:	104	169	123	179	default
12	172	168	181	179	default
34	198	168	207	179	default
78	329	168	337	179	default
1	296	170	301	180	default
138	265	168	279	180	default
1	323	170	329	179	default
58	185	168	194	179	default
58	301	168	310	179	default
78	220	168	228	179	default
118	236	168	250	180	default
0	128	157	133	167	default
0	128	169	133	179	default
1	267	157	273	167	default
18	172	155	181	166	default
14	185	155	194	166	default
12	218	155	227	166	default
34	240	155	248	166	default
114	296	155	309	167	default
112	323	155	337	167	default
38	198	155	207	166	default
˝	336	168	339	179	default
˝	309	168	311	179	default
˝	278	168	280	179	default
˝	248	168	251	179	default
˝	226	168	229	179	default
˝	206	168	209	179	default
˝	193	168	196	179	default
˝	179	168	182	179	default
0	447	157	453	167	default
1	586	157	592	167	default
18	491	155	500	166	default
14	504	155	513	166	default
12	538	155	547	166	default
34	564	155	573	166	default
114	622	155	636	167	default
112	642	155	656	167	default
38	518	155	526	166	default
12	491	168	500	179	default
34	518	167	526	178	default
78	648	168	657	179	default
1	620	169	626	179	default
138	582	168	596	179	default
1	642	169	648	179	default
58	505	167	513	178	default
58	626	168	634	179	default
78	539	167	547	178	default
118	560	168	574	179	default
0	447	169	453	179	default
˝	655	167	658	178	default
˝	634	167	636	178	default
˝	594	167	597	178	default
˝	572	167	575	178	default
˝	546	167	549	178	default
˝	525	167	528	178	default
˝	512	167	515	178	default
˝	499	167	501	178	default
,	32	933	39	945	default
Maximum	42	934	88	944	default
pressure	91	934	131	944	default
is	134	934	141	944	default
2,900	144	934	170	944	default
psi	173	934	187	944	default
@	189	934	198	944	default
72°	201	934	216	944	default
F	218	934	224	944	default
•	35	234	39	242	default
Use	43	233	61	243	default
with	64	233	83	243	default
air,	86	233	99	243	default
natural	102	233	134	243	default
gas,	137	233	156	243	default
oil,	159	233	173	243	default
steam,	176	233	207	243	default
water	210	233	236	243	default
•	35	528	39	536	default
Use	43	526	61	536	default
with	64	526	83	536	default
air,	86	526	99	536	default
hydraulic	102	526	144	536	default
fluid,	147	526	170	536	default
natural	173	526	204	536	default
gas,	207	526	227	536	default
oil,	230	526	243	536	default
steam,	246	526	277	536	default
water,	280	526	308	536	default
except	43	536	74	546	default
tee	77	536	91	546	default
outlets	94	536	126	546	default
are	129	536	143	546	default
not	146	536	161	546	default
for	164	536	176	546	default
use	179	536	196	546	default
with	199	536	218	546	default
hydraulic	221	536	263	546	default
fluid	266	536	286	546	default
Pipe	32	711	53	721	default
Size	32	721	52	730	default
90°	90	721	106	730	default
Elbows	109	721	145	730	default
45°	198	721	213	730	default
Elbows	216	721	252	730	default
Tees	321	721	344	730	default
Crosses	419	721	460	730	default
Straights	524	721	569	730	default
Unions	632	721	667	730	default
,	668	720	675	731	default
304/304L	32	733	77	743	default
Stainless	80	733	125	743	default
Steel	128	733	153	743	default
1/8	43	743	55	753	default
44965K411	71	743	125	753	default
$8.48	139	743	165	753	default
44965K421	178	743	232	753	default
$12.34	240	743	272	753	default
44965K431	285	743	339	753	default
$11.38	347	743	379	753	default
44965K441	392	743	446	753	default
$26.46	455	743	486	753	default
44965K451	500	743	553	753	default
$7.73	567	743	593	753	default
44965K471	606	743	660	753	default
$40.28	669	743	701	753	default
1/4	43	752	55	762	default
44965K412	71	753	125	762	default
8.69	144	753	165	762	default
44965K422	178	753	232	762	default
12.04	246	753	272	762	default
44965K432	285	753	339	762	default
11.66	353	753	379	762	default
44965K442	392	753	446	762	default
20.01	460	753	486	762	default
44965K452	500	753	553	762	default
8.57	573	753	593	762	default
44965K472	606	753	660	762	default
40.28	675	753	701	762	default
3/8	43	762	55	772	default
44965K413	71	762	125	772	default
11.30	139	762	165	772	default
44965K423	178	762	232	772	default
12.19	246	762	272	772	default
44965K433	285	762	339	772	default
13.92	353	762	379	772	default
44965K443	392	762	446	772	default
24.64	460	762	486	772	default
44965K453	500	762	553	772	default
8.40	573	762	593	772	default
44965K473	606	762	660	772	default
43.08	675	762	701	772	default
1/2	43	772	55	782	default
44965K414	71	772	125	782	default
12.41	139	772	165	782	default
44965K424	178	772	232	782	default
12.34	246	772	272	782	default
44965K434	285	772	339	782	default
19.18	353	772	379	782	default
44965K444	392	772	446	782	default
26.14	460	772	486	782	default
44965K454	500	772	553	782	default
9.64	573	772	593	782	default
44965K474	606	772	660	782	default
44.15	675	772	701	782	default
3/4	43	782	55	791	default
44965K415	71	782	125	791	default
15.63	139	782	165	791	default
44965K425	178	782	232	791	default
14.26	246	782	272	791	default
44965K435	285	782	339	791	default
21.73	353	782	379	791	default
44965K445	392	782	446	791	default
33.13	460	782	486	791	default
44965K455	500	782	553	791	default
12.17	567	782	593	791	default
44965K475	606	782	660	791	default
56.43	675	782	701	791	default
1	37	794	43	804	default
44965K416	71	794	125	804	default
23.58	139	794	165	804	default
44965K426	178	794	232	804	default
20.64	246	794	272	804	default
44965K436	285	794	339	804	default
29.22	353	794	379	804	default
44965K446	392	794	446	804	default
55.19	460	794	486	804	default
44965K456	500	794	553	804	default
18.18	567	794	593	804	default
44965K476	606	794	660	804	default
85.10	675	794	701	804	default
11/2	37	804	55	814	default
44965K418	71	804	125	814	default
52.73	139	804	165	814	default
44965K428	178	804	232	814	default
40.56	246	804	272	814	default
44965K438	285	804	339	814	default
62.08	353	804	379	814	default
44965K448	392	804	446	814	default
73.02	460	804	486	814	default
44965K458	500	804	553	814	default
41.52	567	804	593	814	default
44965K478	606	804	660	814	default
141.60	669	804	701	814	default
2	37	814	43	823	default
44965K419	71	814	125	823	default
75.66	139	814	165	823	default
44965K429	178	814	232	823	default
65.51	246	814	272	823	default
44965K439	285	814	339	823	default
81.88	353	814	379	823	default
44965K449	392	814	446	823	default
223.67	455	814	486	823	default
44965K459	500	814	553	823	default
61.86	567	814	593	823	default
44965K479	606	814	660	823	default
176.88	669	814	701	823	default
3	37	823	43	833	default
44965K42	71	823	119	833	default
189.58	133	823	165	833	default
44965K43	178	823	226	833	default
202.21	240	823	272	833	default
44965K45	285	823	333	833	default
223.27	347	823	379	833	default
44965K46	500	823	548	833	default
185.92	561	823	593	833	default
44965K48	606	823	654	833	default
461.29	669	823	701	833	default
316/316L	32	833	77	843	default
Stainless	80	833	125	843	default
Steel	128	833	153	843	default
1/8	43	843	55	853	default
45515K111	71	843	125	853	default
11.41	139	843	165	853	default
45515K131	178	843	232	853	default
14.64	246	843	272	853	default
45515K151	285	843	339	853	default
14.87	353	843	379	853	default
45515K171	392	843	446	853	default
45.12	460	843	486	853	default
45515K191	500	843	553	853	default
9.90	573	843	593	853	default
45515K241	606	843	660	853	default
43.68	675	843	701	853	default
1/4	43	852	55	862	default
45515K112	71	853	125	862	default
11.69	139	853	165	862	default
45515K132	178	853	232	862	default
14.64	246	853	272	862	default
45515K152	285	853	339	862	default
11.98	353	853	379	862	default
45515K172	392	853	446	862	default
28.95	460	853	486	862	default
45515K192	500	853	553	862	default
10.44	567	853	593	862	default
45515K242	606	853	660	862	default
45.39	675	853	701	862	default
3/8	43	862	55	872	default
45515K113	71	862	125	872	default
13.66	139	862	165	872	default
45515K133	178	862	232	872	default
14.64	246	862	272	872	default
45515K153	285	862	339	872	default
14.58	353	862	379	872	default
45515K173	392	862	446	872	default
33.10	460	862	486	872	default
45515K193	500	862	553	872	default
12.34	567	862	593	872	default
45515K243	606	862	660	872	default
52.57	675	862	701	872	default
1/2	43	872	55	882	default
45515K114	71	872	125	882	default
17.90	139	872	165	882	default
45515K134	178	872	232	882	default
14.64	246	872	272	882	default
45515K154	285	872	339	882	default
19.77	353	872	379	882	default
45515K174	392	872	446	882	default
43.89	460	872	486	882	default
45515K194	500	872	553	882	default
11.84	567	872	593	882	default
45515K244	606	872	660	882	default
52.65	675	872	701	882	default
3/4	43	882	55	891	default
45515K115	71	882	125	891	default
18.96	139	882	165	891	default
45515K135	178	882	232	891	default
19.82	246	882	272	891	default
45515K155	285	882	339	891	default
30.35	353	882	379	891	default
45515K175	392	882	446	891	default
57.59	460	882	486	891	default
45515K195	500	882	553	891	default
15.44	567	882	593	891	default
45515K245	606	882	660	891	default
68.65	675	882	701	891	default
1	37	894	43	904	default
45515K116	71	894	125	904	default
35.02	139	894	165	904	default
45515K136	178	894	232	904	default
24.93	246	894	272	904	default
45515K156	285	894	339	904	default
37.34	353	894	379	904	default
45515K176	392	894	446	904	default
76.98	460	894	486	904	default
45515K196	500	894	553	904	default
21.96	567	894	593	904	default
45515K246	606	894	660	904	default
104.21	669	894	701	904	default
11/2	37	904	55	914	default
45515K118	71	904	125	914	default
71.77	139	904	165	914	default
45515K138	178	904	232	914	default
56.98	246	904	272	914	default
45515K158	285	904	339	914	default
62.69	353	904	379	914	default
45515K178	392	904	446	914	default
127.08	455	904	486	914	default
45515K198	500	904	553	914	default
61.22	567	904	593	914	default
45515K248	606	904	660	914	default
189.35	669	904	701	914	default
2	37	914	43	923	default
45515K119	71	914	125	923	default
120.61	133	914	165	923	default
45515K139	178	914	232	923	default
75.55	246	914	272	923	default
45515K159	285	914	339	923	default
150.20	347	914	379	923	default
45515K179	392	914	446	923	default
311.59	455	914	486	923	default
45515K199	500	914	553	923	default
83.58	567	914	593	923	default
45515K249	606	914	660	923	default
216.67	669	914	701	923	default
3	37	923	43	933	default
45515K12	71	923	119	933	default
230.96	133	923	165	933	default
45515K14	178	923	226	933	default
212.45	240	923	272	933	default
45515K16	285	923	333	933	default
256.47	347	923	379	933	default
45515K201	500	923	553	933	default
211.93	561	923	593	933	default
45515K25	606	923	654	933	default
532.00	669	923	701	933	default
With	386	233	407	243	default
a	411	233	417	243	default
thicker	421	233	453	243	default
wall	457	233	475	243	default
than	479	233	500	243	default
our	504	233	519	243	default
standard-wall	523	233	588	243	default
butt-weld	592	233	637	243	default
pipe	641	233	662	243	default
fittings,	666	233	701	243	default
these	375	243	400	252	default
offer	403	243	424	252	default
high	426	243	446	252	default
strength	449	243	486	252	default
while	489	243	513	252	default
providing	515	243	558	252	default
a	561	243	566	252	default
smooth	569	243	603	252	default
connection	606	243	657	252	default
for	660	243	672	252	default
maxi-	675	243	701	252	default
mum	375	252	399	262	default
flow	402	252	422	262	default
They	427	252	450	262	default
have	453	252	476	262	default
beveled	479	252	516	262	default
ends	519	252	542	262	default
that,	545	252	566	262	default
when	569	252	595	262	default
flush	598	252	620	262	default
to	623	252	633	262	default
pipe,	636	252	659	262	default
create	663	252	692	262	default
a	695	252	701	262	default
trough	375	262	405	272	default
for	408	262	421	272	default
a	424	262	429	272	default
leak-resistant,	432	262	497	272	default
permanent	500	262	550	272	default
weld	553	262	575	272	default
304	386	272	403	281	default
stainless	406	272	449	281	default
steel	452	272	476	281	default
fittings	478	272	509	281	default
have	512	272	534	281	default
very	536	272	556	281	default
good	558	272	582	281	default
corrosion	585	272	628	281	default
resistance	631	272	678	281	default
316	683	272	701	281	default
stainless	375	281	419	291	default
steel	422	281	446	291	default
fittings	449	281	480	291	default
have	483	281	505	291	default
excellent	508	281	549	291	default
corrosion	552	281	596	291	default
resistance	599	281	646	291	default
To	33	378	43	386	default
Order:	44	378	72	386	default
Please	77	377	108	387	default
specify	111	377	144	387	default
For	147	377	162	387	default
Pipe	165	377	186	387	default
Size	189	377	208	387	default
within	211	377	238	387	default
the	241	377	256	387	default
range	259	377	285	387	default
shown	288	377	319	387	default
##LTFigure##	32	312	75	348	default
##LTFigure##	521	676	584	710	default
##LTFigure##	412	672	468	720	default
##LTFigure##	307	668	380	710	default
##LTFigure##	204	668	252	714	default
##LTFigure##	95	668	152	710	default
##LTFigure##	609	674	702	721	default
##LTFigure##	128	103	205	147	default
##LTFigure##	440	95	532	146	default
