8	32	960	42	973	default
Stainless	72	29	167	48	default
Steel	173	29	227	48	default
Pipe	233	29	279	48	default
Fittings	286	29	364	48	default
(Continued	281	942	344	953	default
on	347	942	362	953	default
following	365	942	417	953	default
page)	420	942	452	953	default
(Continued	474	219	537	230	default
from	540	219	567	230	default
previous	570	219	619	230	default
page)	622	219	654	230	default
Pipe	53	70	74	79	default
size	76	70	94	79	default
is	97	70	105	79	default
not	107	70	122	79	default
an	125	70	136	79	default
actual	139	70	167	79	default
measured	170	70	216	79	default
size,	218	70	239	79	default
but	242	70	257	79	default
rather	260	70	287	79	default
an	290	70	301	79	default
industry	304	70	341	79	default
designation	343	70	397	79	default
Align	403	70	426	79	default
your	429	70	449	79	default
pipe	452	70	472	79	default
or	475	70	484	79	default
fitting	487	70	513	79	default
with	515	70	535	79	default
the	537	70	552	79	default
“0”	554	70	569	79	default
line	572	70	588	79	default
as	590	70	601	79	default
shown	604	70	634	79	default
The	640	70	657	79	default
line	660	70	676	79	default
on	679	70	690	79	default
the	43	79	57	89	default
opposite	60	79	101	89	default
edge	103	79	127	89	default
gives	129	79	154	89	default
the	156	79	171	89	default
pipe	174	79	194	89	default
size	197	79	215	89	default
You	220	79	238	89	default
can	240	79	257	89	default
also	260	79	279	89	default
measure	282	79	322	89	default
the	324	79	339	89	default
OD	342	79	357	89	default
of	360	79	369	89	default
male	372	79	394	89	default
threads	397	79	431	89	default
or	434	79	444	89	default
the	446	79	461	89	default
ID	464	79	474	89	default
of	476	79	485	89	default
female	488	79	519	89	default
threads,	522	79	560	89	default
then	562	79	583	89	default
find	586	79	603	89	default
the	606	79	620	89	default
corresponding	623	79	690	89	default
pipe	43	89	63	99	default
size	66	89	84	99	default
in	87	89	95	99	default
the	98	89	112	99	default
chart	115	89	139	99	default
If	145	89	150	99	default
your	153	89	174	99	default
measurement	177	89	240	99	default
doesn’t	243	89	278	99	default
match	280	89	310	99	default
an	312	89	324	99	default
OD	327	89	342	99	default
or	345	89	354	99	default
ID	357	89	367	99	default
listed,	370	89	398	99	default
round	401	89	428	99	default
to	431	89	440	99	default
the	443	89	457	99	default
nearest	460	89	494	99	default
1/80	497	89	513	99	default
How	43	59	65	69	default
to	68	59	78	69	default
Measure	81	59	124	69	default
Pipe	127	59	149	69	default
Size	152	59	172	69	default
for	175	59	189	69	default
NPT	192	59	213	69	default
or	216	59	226	69	default
BSP	229	59	250	69	default
Threads—Example	253	59	344	69	default
shows	347	59	377	69	default
pipe	380	59	400	69	default
size	403	59	421	69	default
3/8	424	59	435	69	default
To	58	184	69	194	default
measure	72	184	112	194	default
larger	115	184	141	194	default
pipe	144	184	164	194	default
sizes,	167	184	193	194	default
go	196	184	208	194	default
to	211	184	220	194	default
mcmaster	223	184	269	194	default
com	271	184	292	194	default
and	295	184	312	194	default
search	315	184	346	194	default
for	349	184	361	194	default
4464KAC	364	184	410	194	default
For	415	184	431	194	default
information	434	184	486	194	default
about	489	184	516	194	default
fittings	519	184	550	194	default
and	553	184	570	194	default
pipe,	573	184	596	194	default
see	599	184	616	194	default
pages	618	184	647	194	default
2-3	650	184	665	194	default
Pipe	394	156	415	166	default
Size:ID:	418	156	442	178	default
0	447	168	453	178	default
1	543	168	548	178	default
38	480	166	488	177	default
1	465	167	469	174	default
4	470	171	474	178	default
12	493	166	502	178	default
34	521	166	530	177	default
34	634	166	644	177	default
1	604	168	609	178	default
114	566	166	580	178	default
1	629	168	635	178	default
58	507	166	516	177	default
58	609	166	618	177	default
˝	642	166	645	177	default
˝	617	166	619	177	default
˝	579	166	581	177	default
˝	529	166	531	177	default
˝	515	166	517	177	default
˝	500	166	503	177	default
˝	487	166	489	177	default
˝	472	166	475	177	default
˝	548	167	551	178	default
0	446	156	452	166	default
1	571	156	576	166	default
18	480	154	489	165	default
116	464	154	477	165	default
14	493	154	502	165	default
12	521	154	530	165	default
34	542	154	551	165	default
114	604	154	617	166	default
112	629	154	643	166	default
38	507	154	516	165	default
Pipe	74	156	96	166	default
Size:OD:	99	156	123	178	default
0	128	156	133	166	default
0	128	168	133	178	default
1	263	156	269	166	default
1	296	156	302	166	default
1	325	156	331	166	default
1	238	168	244	177	default
1838	168	155	177	177	default
1161	153	155	166	173	default
4	158	170	162	177	default
14	181	155	190	166	default
14	302	155	311	166	default
12	181	166	190	177	default
12	213	155	222	166	default
12	330	155	339	166	default
34	213	166	222	177	default
34	236	155	245	166	default
114	259	166	272	178	default
3858	195	155	204	177	default
˝	272	166	274	177	default
1	297	168	303	178	default
˝	221	166	223	177	default
34˝	330	166	341	177	default
˝	203	166	205	177	default
58˝	303	166	313	177	default
1	324	168	330	178	default
˝	188	166	191	177	default
˝	176	166	179	177	default
˝	161	166	164	177	default
˝	243	166	246	178	default
•	35	254	39	262	default
Flanges:	43	252	82	262	default
Use	85	252	103	262	default
threaded	106	252	147	262	default
Class	150	252	176	262	default
150	179	252	196	262	default
low-pressure	199	252	259	262	default
stainless	43	262	83	272	default
steel	86	262	108	272	default
(see	111	262	130	272	default
page	133	262	156	272	default
9)	159	262	167	272	default
•	35	234	39	242	default
Pipe	43	233	63	243	default
Nipples	66	233	101	243	default
and	104	233	122	243	default
Pipe:	125	233	148	243	default
Use	151	233	170	243	default
threaded	173	233	214	243	default
Schedule	217	233	260	243	default
40	263	233	275	243	default
standard-wall	43	243	106	252	default
stainless	109	243	149	252	default
steel	152	243	174	252	default
(see	177	243	196	252	default
pages	199	243	227	252	default
10-13)	230	243	260	252	default
Use	303	233	321	243	default
these	324	233	349	243	default
Class	352	233	378	243	default
150	381	233	399	243	default
fittings	402	233	433	243	default
in	436	233	444	243	default
a	447	233	453	243	default
low-pressure	456	233	516	243	default
pipe	519	233	539	243	default
line	542	233	558	243	default
They	564	233	587	243	default
are	590	233	604	243	default
heat	607	233	627	243	default
treated,	630	233	666	243	default
except	669	233	701	243	default
BSPT	292	243	319	252	default
2	319	244	327	252	default
NPT	327	243	347	252	default
thread	350	243	380	252	default
adapters	382	243	423	252	default
Fittings	428	243	462	252	default
that	465	243	483	252	default
meet	485	243	508	252	default
ANSI/MSS	511	243	560	252	default
SP-114	563	243	598	252	default
adhere	600	243	632	252	default
to	635	243	644	252	default
high-quality	646	243	701	252	default
standards	292	252	338	262	default
for	341	252	354	262	default
heat	357	252	377	262	default
treating,	380	252	418	262	default
material	421	252	458	262	default
thickness,	460	252	507	262	default
and	510	252	528	262	default
marking	531	252	568	262	default
304	303	262	320	272	default
stainless	323	262	367	272	default
steel	371	262	395	272	default
fittings	398	262	429	272	default
have	432	262	455	272	default
very	458	262	477	272	default
good	481	262	505	272	default
corrosion	508	262	552	272	default
resistance	555	262	603	272	default
316	609	262	626	272	default
stainless	629	262	673	272	default
steel	677	262	701	272	default
fittings	292	272	323	281	default
have	326	272	348	281	default
excellent	351	272	393	281	default
corrosion	396	272	439	281	default
resistance	442	272	489	281	default
Low-Pressure	32	216	146	231	default
Stainless	151	216	226	231	default
Steel	231	216	273	231	default
Threaded	278	216	357	231	default
Pipe	362	216	398	231	default
Fittings	403	216	465	231	default
Reducers	303	703	347	712	default
are	350	703	364	712	default
304	367	703	385	712	default
stainless	387	703	428	712	default
steel	431	703	453	712	default
Female	303	712	339	722	default
straights	342	712	385	722	default
and	388	712	406	722	default
male	409	712	433	722	default
@	433	714	441	722	default
female	441	712	475	722	default
bushings	478	712	523	722	default
meet	526	712	549	722	default
ANSI/MSS	552	712	602	722	default
SP-114	605	712	639	722	default
A	291	780	297	788	default
B	331	768	337	777	default
•	35	714	39	722	default
Maximum	43	712	88	722	default
Pressure:	91	712	135	722	default
150	138	712	155	722	default
psi	158	712	172	722	default
@	175	712	183	722	default
72°	186	712	201	722	default
F;	203	712	212	722	default
150	43	722	60	732	default
psi	63	722	76	732	default
@	79	722	88	732	default
360°	91	722	112	732	default
F	113	722	119	732	default
for	122	722	135	732	default
steam	138	722	166	732	default
BSPT	32	691	60	701	default
(British	62	691	98	701	default
Standard	101	691	146	701	default
Pipe	148	691	170	701	default
Taper)	173	691	204	701	default
Reducers	207	691	254	701	default
•	35	704	39	712	default
Use	43	703	61	712	default
with	64	703	83	712	default
air,	86	703	99	712	default
natural	102	703	134	712	default
gas,	137	703	156	712	default
oil,	159	703	173	712	default
steam,	176	703	207	712	default
water	210	703	236	712	default
A	193	780	199	788	default
B	246	764	252	772	default
A	105	780	111	788	default
B	153	766	159	774	default
Pipe	32	577	53	587	default
Size,	56	577	78	587	default
BSPT	32	587	59	597	default
Straights,	100	577	148	587	default
Male	112	587	136	597	default
Straights,	204	577	251	587	default
Female	181	587	217	597	default
@	217	589	226	596	default
Butt	226	587	247	597	default
Weld	250	587	274	597	default
Unions	313	587	348	597	default
Caps	417	587	443	597	default
Plugs	507	577	535	587	default
with	538	577	559	587	default
External	487	587	528	597	default
Hex	531	587	550	597	default
Drive	553	587	579	597	default
Plugs	621	577	648	587	default
with	651	577	672	587	default
External	593	587	634	597	default
Square	636	587	672	597	default
Drive	674	587	700	597	default
1/8	38	599	49	609	default
4810T322	81	600	128	609	default
$2.23	141	600	167	609	default
4810T241	181	600	228	609	default
$2.43	248	600	274	609	default
4810T161	288	600	334	609	default
$18.59	342	600	374	609	default
4810T171	387	600	434	609	default
$2.91	447	600	473	609	default
4810T191	487	600	534	609	default
$2.63	553	600	579	609	default
4810T181	592	600	639	609	default
$2.49	675	600	701	609	default
1/4	38	609	49	619	default
4810T323	81	609	128	619	default
4.13	147	609	167	619	default
4810T242	181	609	228	619	default
2.69	254	609	274	619	default
4810T162	288	609	334	619	default
19.43	348	609	374	619	default
4810T172	387	609	434	619	default
4.13	453	609	473	619	default
4810T192	487	609	534	619	default
2.75	559	609	579	619	default
4810T182	592	609	639	619	default
2.96	680	609	701	619	default
3/8	38	619	49	629	default
4810T324	81	619	128	629	default
5.40	147	619	167	629	default
4810T243	181	619	228	629	default
2.89	254	619	274	629	default
4810T163	288	619	334	629	default
19.80	348	619	374	629	default
4810T173	387	619	434	629	default
4.87	453	619	473	629	default
4810T193	487	619	534	629	default
3.39	559	619	579	629	default
4810T183	592	619	639	629	default
3.92	680	619	701	629	default
1/2	38	629	49	638	default
4810T325	81	629	128	638	default
7.57	147	629	167	638	default
4810T244	181	629	228	638	default
4.05	254	629	274	638	default
4810T164	288	629	334	638	default
21.44	348	629	374	638	default
4810T174	387	629	434	638	default
5.08	453	629	473	638	default
4810T194	487	629	534	638	default
5.35	559	629	579	638	default
4810T184	592	629	639	638	default
5.61	680	629	701	638	default
3/4	38	638	49	648	default
4810T326	81	638	128	648	default
10.07	141	638	167	648	default
4810T245	181	638	228	648	default
5.37	254	638	274	648	default
4810T165	288	638	334	648	default
27.16	348	638	374	648	default
4810T175	387	638	434	648	default
6.35	453	638	473	648	default
4810T195	487	638	534	648	default
6.72	559	638	579	648	default
4810T185	592	638	639	648	default
6.83	680	638	701	648	default
1	32	648	38	658	default
4810T327	81	648	128	658	default
14.13	141	648	167	658	default
4810T246	181	648	228	658	default
6.88	254	648	274	658	default
4810T166	288	648	334	658	default
40.98	348	648	374	658	default
4810T176	387	648	434	658	default
9.53	453	648	473	658	default
4810T196	487	648	534	658	default
11.65	553	648	579	658	default
4810T186	592	648	639	658	default
8.68	680	648	701	658	default
11/2	32	658	49	668	default
4810T328	81	658	128	668	default
25.27	141	658	167	668	default
4810T247	181	658	228	668	default
14.43	248	658	274	668	default
4810T168	288	658	334	668	default
80.37	348	658	374	668	default
4810T178	387	658	434	668	default
22.66	447	658	473	668	default
4810T198	487	658	534	668	default
20.44	553	658	579	668	default
4810T188	592	658	639	668	default
20.60	675	658	701	668	default
2	32	668	38	677	default
4810T329	81	668	128	677	default
29.73	141	668	167	677	default
4810T248	181	668	228	677	default
19.75	248	668	274	677	default
4810T238	288	668	334	677	default
81.40	348	668	374	677	default
4810T235	387	668	434	677	default
27.60	447	668	473	677	default
4810T237	487	668	534	677	default
26.99	553	668	579	677	default
4810T236	592	668	639	677	default
23.25	675	668	701	677	default
BSPT	32	293	60	303	default
(British	62	293	98	303	default
Standard	101	293	146	303	default
Pipe	148	293	170	303	default
Taper)	173	293	204	303	default
Connectors,	207	293	268	303	default
Adapters,	271	293	319	303	default
Caps,	321	293	350	303	default
and	353	293	371	303	default
Plugs	374	293	402	303	default
Pipe	32	424	53	433	default
Size,	56	424	78	433	default
BSPT	32	433	59	443	default
90°	97	433	113	443	default
Elbows	115	433	152	443	default
90°	199	424	214	433	default
Elbows,	217	424	256	433	default
Female	193	433	229	443	default
@	229	435	238	443	default
Male	238	433	262	443	default
45°	303	433	319	443	default
Elbows	322	433	358	443	default
Tees	419	433	442	443	default
Crosses	512	433	553	443	default
Straights,	623	424	670	433	default
Female	628	433	664	443	default
1/8	38	446	49	456	default
4810T111	81	446	128	456	default
$5.52	141	446	167	456	default
4810T131	181	446	228	456	default
$7.85	248	446	274	456	default
4810T121	288	446	334	456	default
$6.94	348	446	374	456	default
4810T141	387	446	434	456	default
$7.39	447	446	473	456	default
4810T249	487	446	534	456	default
$12.28	547	446	579	456	default
4810T151	592	446	639	456	default
$3.77	675	446	701	456	default
1/4	38	455	49	465	default
4810T112	81	456	128	465	default
5.77	147	456	167	465	default
4810T132	181	456	228	465	default
8.21	254	456	274	465	default
4810T122	288	456	334	465	default
7.25	354	456	374	465	default
4810T142	387	456	434	465	default
7.73	453	456	473	465	default
4810T251	487	456	534	465	default
12.81	553	456	579	465	default
4810T152	592	456	639	465	default
4.18	680	456	701	465	default
3/8	38	465	49	475	default
4810T113	81	465	128	475	default
7.15	147	465	167	475	default
4810T133	181	465	228	475	default
9.90	254	465	274	475	default
4810T123	288	465	334	475	default
8.52	354	465	374	475	default
4810T143	387	465	434	475	default
9.85	453	465	473	475	default
4810T252	487	465	534	475	default
15.41	553	465	579	475	default
4810T153	592	465	639	475	default
4.87	680	465	701	475	default
1/2	38	475	49	485	default
4810T114	81	475	128	485	default
7.62	147	475	167	485	default
4810T134	181	475	228	485	default
11.65	248	475	274	485	default
4810T124	288	475	334	485	default
9.37	354	475	374	485	default
4810T144	387	475	434	485	default
10.32	447	475	473	485	default
4810T253	487	475	534	485	default
18.89	553	475	579	485	default
4810T154	592	475	639	485	default
6.88	680	475	701	485	default
3/4	38	485	49	494	default
4810T115	81	485	128	494	default
10.91	141	485	167	494	default
4810T135	181	485	228	494	default
16.15	248	485	274	494	default
4810T125	288	485	334	494	default
13.71	348	485	374	494	default
4810T145	387	485	434	494	default
16.41	447	485	473	494	default
4810T254	487	485	534	494	default
32.26	553	485	579	494	default
4810T155	592	485	639	494	default
9.95	680	485	701	494	default
1	32	494	38	504	default
4810T116	81	494	128	504	default
15.46	141	494	167	504	default
4810T136	181	494	228	504	default
27.95	248	494	274	504	default
4810T126	288	494	334	504	default
16.73	348	494	374	504	default
4810T146	387	494	434	504	default
20.91	447	494	473	504	default
4810T255	487	494	534	504	default
47.76	553	494	579	504	default
4810T156	592	494	639	504	default
16.95	675	494	701	504	default
11/2	32	504	49	514	default
4810T118	81	504	128	514	default
36.16	141	504	167	514	default
4810T138	181	504	228	514	default
48.02	248	504	274	514	default
4810T128	288	504	334	514	default
31.93	348	504	374	514	default
4810T148	387	504	434	514	default
51.73	447	504	473	514	default
4810T256	487	504	534	514	default
64.58	553	504	579	514	default
4810T158	592	504	639	514	default
28.48	675	504	701	514	default
2	32	514	38	524	default
4810T229	81	514	128	524	default
43.86	141	514	167	524	default
4810T232	181	514	228	524	default
62.19	248	514	274	524	default
4810T231	288	514	334	524	default
42.90	348	514	374	524	default
4810T233	387	514	434	524	default
63.51	447	514	473	524	default
4810T257	487	514	534	524	default
88.93	553	514	579	524	default
4810T234	592	514	639	524	default
38.64	675	514	701	524	default
•	35	316	39	324	default
Maximum	43	315	88	325	default
Pressure:	91	315	135	325	default
150	138	315	155	325	default
psi	158	315	172	325	default
@	175	315	183	325	default
72°	186	315	201	325	default
F;	203	315	212	325	default
150	43	325	60	334	default
psi	63	325	76	334	default
@	79	325	88	334	default
360°	91	325	112	334	default
F	113	325	119	334	default
for	122	325	135	334	default
steam	138	325	166	334	default
•	35	307	39	314	default
Use	43	305	61	315	default
with	64	305	83	315	default
air,	86	305	99	315	default
natural	102	305	134	315	default
gas,	137	305	156	315	default
oil,	159	305	173	315	default
steam,	176	305	207	315	default
water	210	305	236	315	default
These	303	305	331	315	default
304	334	305	351	315	default
stainless	354	305	394	315	default
steel	397	305	419	315	default
fittings	422	305	453	315	default
meet	456	305	479	315	default
ANSI/MSS	482	305	532	315	default
SP-114,	535	305	573	315	default
except	575	305	607	315	default
male	610	305	632	315	default
straights	635	305	675	315	default
Female	303	315	339	325	default
@	339	317	347	324	default
male	348	315	372	325	default
90°	374	315	390	325	default
elbows	393	315	428	325	default
are	431	315	446	325	default
also	449	315	468	325	default
known	471	315	501	325	default
as	504	315	515	325	default
street	518	315	544	325	default
elbows	547	315	580	325	default
Female	303	325	339	334	default
@	339	326	347	334	default
butt	348	325	367	334	default
weld	370	325	394	334	default
straights	397	325	440	334	default
are	443	325	458	334	default
also	461	325	480	334	default
known	483	325	513	334	default
as	516	325	527	334	default
half	530	325	547	334	default
couplings	550	325	595	334	default
Unions	303	334	338	344	default
separate	341	334	383	344	default
into	386	334	404	344	default
three	407	334	431	344	default
pieces	434	334	465	344	default
so	469	334	480	344	default
you	484	334	501	344	default
can	504	334	522	344	default
access	525	334	558	344	default
your	562	334	583	344	default
line	586	334	602	344	default
without	606	334	641	344	default
unthreading	644	334	701	344	default
pipe	292	344	312	354	default
connections	315	344	372	354	default
Plugs	303	354	330	363	default
are	333	354	348	363	default
hollow,	350	354	383	363	default
except	386	354	417	363	default
1/8-3/8	420	354	447	363	default
pipe	450	354	471	363	default
sizes	474	354	497	363	default
are	500	354	514	363	default
solid	517	354	539	363	default
Pipe	39	794	60	804	default
Size,	63	794	85	804	default
BSPT	49	804	75	813	default
Straights,	109	804	157	814	default
Female	115	814	151	824	default
Straights,Male	201	804	249	824	default
Bushings,	292	804	341	814	default
Male	282	814	306	824	default
@	306	816	314	823	default
Female	315	814	351	824	default
(A)	32	814	44	824	default
(B)	64	814	76	824	default
1/4	38	826	49	836	default
1/8	64	826	75	836	default
4810T211	92	827	138	836	default
$5.77	148	826	174	836	default
4810T339	185	827	232	836	default
$4.53	239	826	265	836	default
4810T201	275	827	322	836	default
$4.06	332	826	357	836	default
3/8	38	836	49	846	default
1/8	64	836	75	846	default
4810T258	92	836	138	846	default
6.41	154	836	174	846	default
4810T341	185	836	232	846	default
5.93	245	836	265	846	default
4810T271	275	836	322	846	default
3.95	337	836	357	846	default
3/8	38	846	49	856	default
1/4	64	846	75	856	default
4810T212	92	846	138	856	default
5.87	154	846	174	856	default
4810T342	185	846	232	856	default
5.93	245	846	265	856	default
4810T202	275	846	322	856	default
4.08	337	846	357	856	default
1/2	38	855	49	865	default
1/8	64	855	75	865	default
4810T259	92	856	138	865	default
6.13	154	856	174	865	default
4810T343	185	856	232	865	default
8.30	245	856	265	865	default
4810T272	275	856	322	865	default
4.96	337	856	357	865	default
1/2	38	865	49	875	default
1/4	64	865	75	875	default
4810T213	92	865	138	875	default
6.08	154	865	174	875	default
4810T344	185	865	232	875	default
8.30	245	865	265	875	default
4810T203	275	865	322	875	default
4.96	337	865	357	875	default
1/2	38	875	49	885	default
3/8	64	875	75	885	default
4810T214	92	875	138	885	default
6.35	154	875	174	885	default
4810T345	185	875	232	885	default
8.30	245	875	265	885	default
4810T204	275	875	322	885	default
5.19	337	875	357	885	default
3/4	38	887	49	897	default
1/4	64	887	75	897	default
4810T261	92	888	138	897	default
8.78	154	888	174	897	default
4810T346	185	888	232	897	default
11.13	239	888	265	897	default
4810T273	275	888	322	897	default
6.99	337	888	357	897	default
3/4	38	897	49	907	default
3/8	64	897	75	907	default
4810T262	92	897	138	907	default
9.16	154	897	174	907	default
4810T347	185	897	232	907	default
11.13	239	897	265	907	default
4810T274	275	897	322	907	default
7.30	337	897	357	907	default
3/4	38	907	49	917	default
1/2	64	907	75	917	default
4810T215	92	907	138	917	default
11.70	148	907	174	917	default
4810T205	275	907	322	917	default
7.57	337	907	357	917	default
1	32	917	38	926	default
1/4	64	917	75	926	default
4810T263	92	917	138	927	default
11.55	148	917	174	926	default
4810T275	275	917	322	927	default
9.27	337	917	357	926	default
1	32	926	38	936	default
3/8	64	926	75	936	default
4810T264	92	927	138	936	default
12.04	148	926	174	936	default
4810T348	185	927	232	936	default
15.53	239	926	265	936	default
4810T276	275	927	322	936	default
9.66	337	926	357	936	default
Pipe	383	795	403	805	default
Size,	406	795	429	805	default
BSPT	392	805	419	815	default
Straights,Female	453	803	501	823	default
Straights,Male	544	803	592	823	default
Bushings,	636	803	685	813	default
Male	626	813	650	823	default
@	650	815	658	822	default
Female	659	813	695	823	default
(A)	376	813	388	823	default
(B)	407	813	420	823	default
1	376	826	382	835	default
1/2	413	826	424	835	default
4810T265	435	826	482	835	default
$12.56	486	826	518	835	default
4810T349	527	826	574	835	default
$15.53	577	826	609	835	default
4810T277	619	826	666	835	default
$10.00	669	826	701	835	default
1	376	835	382	845	default
3/4	413	835	424	845	default
4810T216	435	835	482	845	default
13.13	492	835	518	845	default
4810T351	527	835	574	845	default
15.53	583	835	609	845	default
4810T206	619	835	666	845	default
10.54	675	835	701	845	default
11/4	376	848	393	858	default
3/4	413	848	424	858	default
4810T352	527	848	574	858	default
24.40	583	848	609	858	default
11/4	376	858	393	867	default
1	407	858	413	867	default
4810T353	527	858	574	867	default
24.40	583	858	609	867	default
11/2	376	867	393	877	default
3/4	413	867	424	877	default
4810T266	435	867	482	877	default
25.33	492	867	518	877	default
4810T354	527	867	574	877	default
27.77	583	867	609	877	default
4810T278	619	867	666	877	default
20.68	675	867	701	877	default
11/2	376	877	393	887	default
1	407	877	413	887	default
4810T267	435	877	482	887	default
26.44	492	877	518	887	default
4810T355	527	877	574	887	default
27.77	583	877	609	887	default
4810T279	619	877	666	887	default
21.57	675	877	701	887	default
11/2	376	887	393	897	default
11/4	407	887	424	897	default
4810T218	435	887	482	897	default
27.58	492	887	518	897	default
4810T356	527	887	574	897	default
27.77	583	887	609	897	default
4810T208	619	887	666	897	default
22.55	675	887	701	897	default
2	376	899	382	909	default
1	407	899	413	909	default
4810T268	435	899	482	909	default
42.22	492	899	518	909	default
4810T357	527	899	574	909	default
32.70	583	899	609	909	default
4810T281	619	899	666	909	default
31.55	675	899	701	909	default
2	376	909	382	919	default
11/4	407	909	424	919	default
4810T358	527	909	574	919	default
32.70	583	909	609	919	default
2	376	919	382	928	default
11/2	407	919	424	928	default
4810T269	435	919	482	929	default
44.06	492	919	518	928	default
4810T359	527	919	574	929	default
32.70	583	919	609	928	default
4810T282	619	919	666	929	default
32.92	675	919	701	928	default
A	448	780	454	788	default
B	496	766	502	774	default
A	535	780	541	788	default
B	588	764	594	772	default
A	635	780	641	788	default
B	675	768	681	777	default
##LTFigure##	438	104	522	141	default
##LTFigure##	130	104	201	145	default
##LTFigure##	297	763	340	792	default
##LTFigure##	199	764	252	790	default
##LTFigure##	113	763	164	792	default
##LTFigure##	518	543	561	570	default
##LTFigure##	632	547	676	568	default
##LTFigure##	416	541	458	570	default
##LTFigure##	218	545	251	570	default
##LTFigure##	103	544	153	570	default
##LTFigure##	289	537	383	570	default
##LTFigure##	208	364	263	419	default
##LTFigure##	406	376	467	413	default
##LTFigure##	510	377	559	422	default
##LTFigure##	314	374	356	414	default
##LTFigure##	629	388	679	413	default
##LTFigure##	106	374	150	414	default
##LTFigure##	456	763	507	792	default
##LTFigure##	542	764	595	790	default
##LTFigure##	642	763	684	792	default
