34	32	960	52	973	default
Stainless	72	29	167	48	default
Steel	173	29	227	48	default
Pipe	233	29	279	48	default
Fittings	286	29	364	48	default
(Continued	281	943	344	954	default
on	347	943	362	954	default
following	365	943	417	954	default
page)	420	943	452	954	default
•	35	201	39	209	default
Use	43	200	61	209	default
with	64	200	83	209	default
air,	86	200	99	209	default
natural	102	200	134	209	default
gas,	137	200	156	209	default
oil,	159	200	173	209	default
water	176	200	201	209	default
Lg	222	361	232	370	default
Lg	366	369	377	377	default
•	35	211	39	219	default
Pipe:	43	209	66	219	default
Use	69	209	87	219	default
unthreaded	90	209	143	219	default
Schedule	146	209	190	219	default
10	43	219	54	229	default
thin-wall	57	219	96	229	default
stainless	99	219	140	229	default
steel	143	219	164	229	default
(see	167	219	186	229	default
page	43	229	66	238	default
35)	69	229	83	238	default
Connectors	32	331	90	341	default
Pipe	32	396	53	406	default
Size	32	406	52	415	default
Wall	95	396	114	406	default
Thick	95	406	120	415	default
Long	209	396	234	406	default
90°	237	396	253	406	default
Elbows	256	396	292	406	default
Short	358	396	385	406	default
90°	388	396	404	406	default
Elbows	407	396	443	406	default
45°	504	396	520	406	default
Elbows	522	396	559	406	default
Tees	636	396	658	406	default
Lg	182	406	194	415	default
Lg	332	406	344	415	default
304/304L	32	418	77	428	default
Stainless	80	418	125	428	default
Steel	128	418	153	428	default
1/2	49	428	60	438	default
0.0830	95	428	124	438	default
1	185	428	191	438	default
1/20	194	428	209	438	default
45735K211	221	428	275	438	default
$5.33	293	428	319	438	default
45735K231	482	428	536	438	default
$6.83	554	428	580	438	default
45735K251	594	428	647	438	default
$18.83	669	428	701	438	default
3/4	49	437	60	447	default
0.0830	95	437	124	448	default
1	185	438	191	447	default
1/20	194	437	209	448	default
45735K214	221	438	275	447	default
5.44	299	438	319	447	default
45735K232	482	438	536	447	default
6.96	560	438	580	447	default
45735K252	594	438	647	447	default
19.01	675	438	701	447	default
1	40	447	46	457	default
0.1090	95	447	124	457	default
1	185	447	191	457	default
1/20	194	447	209	457	default
45735K213	221	447	275	457	default
6.09	299	447	319	457	default
1	335	447	341	457	default
0	344	447	347	457	default
45735K321	371	447	425	457	default
$40.04	437	447	469	457	default
45735K233	482	447	536	457	default
7.68	560	447	580	457	default
45735K253	594	447	647	457	default
19.20	675	447	701	457	default
1	40	457	46	467	default
1/4	49	457	60	467	default
0.1090	95	457	124	467	default
1	185	457	191	467	default
7/80	194	457	209	467	default
45735K217	221	457	275	467	default
9.36	299	457	319	467	default
1	335	457	341	467	default
1/40	344	457	359	467	default
45735K131	371	457	425	467	default
41.66	443	457	469	467	default
45735K237	482	457	536	467	default
12.84	554	457	580	467	default
45735K257	594	457	647	467	default
29.59	675	457	701	467	default
1	40	467	46	476	default
1/2	49	467	60	476	default
0.1090	95	466	124	477	default
2	185	467	191	476	default
1/40	194	466	209	477	default
45735K215	221	467	275	476	default
7.62	299	467	319	476	default
1	335	467	341	476	default
1/20	344	466	359	477	default
45735K323	371	467	425	476	default
42.65	443	467	469	476	default
45735K235	482	467	536	476	default
7.83	560	467	580	476	default
45735K255	594	467	647	476	default
19.39	675	467	701	476	default
2	40	479	46	489	default
0.1090	95	479	124	489	default
3	185	479	191	489	default
0	194	479	197	489	default
45735K216	221	479	275	489	default
9.17	299	479	319	489	default
2	335	479	341	489	default
0	344	479	347	489	default
45735K324	371	479	425	489	default
37.43	443	479	469	489	default
45735K236	482	479	536	489	default
9.36	560	479	580	489	default
45735K256	594	479	647	489	default
20.89	675	479	701	489	default
2	40	489	46	499	default
1/2	49	489	60	499	default
0.120	95	489	119	499	default
3	185	489	191	499	default
3/40	194	489	209	499	default
45735K221	221	489	275	499	default
16.54	293	489	319	499	default
2	335	489	341	499	default
1/20	344	489	359	499	default
45735K132	371	489	425	499	default
64.24	443	489	469	499	default
45735K241	482	489	536	499	default
14.80	554	489	580	499	default
45735K261	594	489	647	499	default
54.40	675	489	701	499	default
3	40	499	46	508	default
0.120	95	498	119	509	default
4	185	499	191	508	default
1/20	194	498	209	509	default
45735K218	221	499	275	508	default
19.58	293	499	319	508	default
3	335	499	341	508	default
0	344	498	347	509	default
45735K326	371	499	425	508	default
58.75	443	499	469	508	default
45735K238	482	499	536	508	default
16.97	554	499	580	508	default
45735K258	594	499	647	508	default
38.30	675	499	701	508	default
4	40	508	46	518	default
0.120	95	508	119	518	default
6	185	508	191	518	default
0	194	508	197	518	default
45735K219	221	508	275	518	default
32.64	293	508	319	518	default
4	335	508	341	518	default
0	344	508	347	518	default
45735K327	371	508	425	518	default
74.85	443	508	469	518	default
45735K239	482	508	536	518	default
27.20	554	508	580	518	default
45735K259	594	508	647	518	default
57.45	675	508	701	518	default
6	40	518	46	528	default
0.1340	95	518	124	528	default
9	185	518	191	528	default
0	194	518	197	528	default
45735K222	221	518	275	528	default
87.04	293	518	319	528	default
6	335	518	341	528	default
0	344	518	347	528	default
45735K328	371	518	425	528	default
135.06	437	518	469	528	default
45735K242	482	518	536	528	default
58.75	554	518	580	528	default
45735K262	594	518	647	528	default
131.31	669	518	701	528	default
8	40	531	46	540	default
0.1480	95	530	124	541	default
120	182	530	197	541	default
45735K111	221	531	275	540	default
144.16	287	531	319	540	default
8	335	531	341	540	default
0	344	530	347	541	default
45735K114	371	531	425	540	default
197.61	437	531	469	540	default
45735K112	482	531	536	540	default
104.40	548	531	580	540	default
45735K113	594	531	647	540	default
268.73	669	531	701	540	default
10	37	540	49	550	default
0.1650	95	540	124	550	default
150	182	540	197	550	default
45735K611	221	540	275	550	default
358.72	287	540	319	550	default
100	332	540	347	550	default
45735K613	371	540	425	550	default
570.20	437	540	469	550	default
45735K615	482	540	536	550	default
257.82	548	540	580	550	default
45735K617	594	540	647	550	default
335.56	669	540	701	550	default
12	37	550	49	560	default
0.180	95	550	119	560	default
180	182	550	197	560	default
45735K612	221	550	275	560	default
552.74	287	550	319	560	default
120	332	550	347	560	default
45735K614	371	550	425	560	default
712.84	437	550	469	560	default
45735K616	482	550	536	560	default
392.98	548	550	580	560	default
45735K618	594	550	647	560	default
767.76	669	550	701	560	default
316/316L	32	560	77	570	default
Stainless	80	560	125	570	default
Steel	128	560	153	570	default
1/2	49	569	60	579	default
0.0830	95	569	124	580	default
1	185	569	191	579	default
1/20	194	569	209	580	default
43645K311	221	570	275	579	default
6.79	299	569	319	579	default
43645K331	482	570	536	579	default
8.53	560	569	580	579	default
43645K351	594	570	647	579	default
23.94	675	569	701	579	default
3/4	49	579	60	589	default
0.0830	95	579	124	589	default
1	185	579	191	589	default
1/20	194	579	209	589	default
43645K312	221	579	275	589	default
6.79	299	579	319	589	default
43645K332	482	579	536	589	default
8.70	560	579	580	589	default
43645K352	594	579	647	589	default
23.94	675	579	701	589	default
1	40	589	46	599	default
0.1090	95	589	124	599	default
1	185	589	191	599	default
1/20	194	589	209	599	default
43645K313	221	589	275	599	default
7.83	299	589	319	599	default
1	335	589	341	599	default
0	344	589	347	599	default
43645K124	371	589	425	599	default
54.40	443	589	469	599	default
43645K333	482	589	536	599	default
9.79	560	589	580	599	default
43645K353	594	589	647	599	default
23.94	675	589	701	599	default
1	40	599	46	608	default
1/4	49	598	60	608	default
0.1090	95	598	124	609	default
1	185	599	191	608	default
7/80	194	598	209	609	default
43645K111	221	599	275	608	default
13.28	293	599	319	608	default
1	335	599	341	608	default
1/40	344	598	359	609	default
43645K125	371	599	425	608	default
54.88	443	599	469	608	default
43645K115	482	599	536	608	default
16.98	554	599	580	608	default
43645K119	594	599	647	608	default
41.34	675	599	701	608	default
1	40	608	46	618	default
1/2	49	608	60	618	default
0.1090	95	608	124	618	default
2	185	608	191	618	default
1/40	194	608	209	618	default
43645K315	221	608	275	618	default
9.57	299	608	319	618	default
1	335	608	341	618	default
1/20	344	608	359	618	default
43645K126	371	608	425	618	default
56.56	443	608	469	618	default
43645K335	482	608	536	618	default
9.57	560	608	580	618	default
43645K355	594	608	647	618	default
26.11	675	608	701	618	default
2	40	621	46	631	default
0.1090	95	621	124	631	default
3	185	621	191	631	default
0	194	621	197	631	default
43645K316	221	621	275	631	default
11.97	293	621	319	631	default
2	335	621	341	631	default
0	344	621	347	631	default
43645K127	371	621	425	631	default
49.74	443	621	469	631	default
43645K336	482	621	536	631	default
11.97	554	621	580	631	default
43645K356	594	621	647	631	default
26.98	675	621	701	631	default
2	40	631	46	640	default
1/2	49	630	60	640	default
0.120	95	630	119	641	default
3	185	631	191	640	default
3/40	194	630	209	641	default
43645K112	221	631	275	640	default
20.88	293	631	319	640	default
2	335	631	341	640	default
1/20	344	630	359	641	default
43645K128	371	631	425	640	default
84.96	443	631	469	640	default
43645K116	482	631	536	640	default
18.72	554	631	580	640	default
43645K121	594	631	647	640	default
67.44	675	631	701	640	default
3	40	640	46	650	default
0.120	95	640	119	650	default
4	185	640	191	650	default
1/20	194	640	209	650	default
43645K318	221	640	275	650	default
25.68	293	640	319	650	default
3	335	640	341	650	default
0	344	640	347	650	default
43645K129	371	640	425	650	default
79.20	443	640	469	650	default
43645K338	482	640	536	650	default
22.63	554	640	580	650	default
43645K358	594	640	647	650	default
49.74	675	640	701	650	default
4	40	650	46	660	default
0.120	95	650	119	660	default
6	185	650	191	660	default
0	194	650	197	660	default
43645K319	221	650	275	660	default
41.34	293	650	319	660	default
4	335	650	341	660	default
0	344	650	347	660	default
43645K131	371	650	425	660	default
92.38	443	650	469	660	default
43645K339	482	650	536	660	default
34.82	554	650	580	660	default
43645K359	594	650	647	660	default
73.11	675	650	701	660	default
6	40	660	46	669	default
0.1340	95	659	124	670	default
9	185	660	191	669	default
0	194	659	197	670	default
43645K113	221	660	275	670	default
104.70	287	660	319	669	default
6	335	660	341	669	default
0	344	659	347	670	default
43645K132	371	660	425	670	default
178.04	437	660	469	669	default
43645K117	482	660	536	670	default
71.80	554	660	580	669	default
43645K122	594	660	647	670	default
180.02	669	660	701	669	default
8	40	672	46	682	default
0.1480	95	672	124	682	default
120	182	672	197	682	default
43645K114	221	672	275	682	default
194.47	287	672	319	682	default
8	335	672	341	682	default
0	344	672	347	682	default
43645K133	371	672	425	682	default
250.12	437	672	469	682	default
43645K118	482	672	536	682	default
132.23	548	672	580	682	default
43645K123	594	672	647	682	default
358.30	669	672	701	682	default
10	37	682	49	692	default
0.1650	95	682	124	692	default
150	182	682	197	692	default
43645K411	221	682	275	692	default
466.78	287	682	319	692	default
100	332	682	347	692	default
43645K423	371	682	425	692	default
680.04	437	682	469	692	default
43645K435	482	682	536	692	default
319.16	548	682	580	692	default
43645K447	594	682	647	692	default
767.76	669	682	701	692	default
12	37	692	49	701	default
0.180	95	691	119	702	default
180	182	691	197	702	default
43645K412	221	692	275	701	default
700.12	287	692	319	701	default
120	332	691	347	702	default
43645K424	371	692	425	701	default
921.10	437	692	469	701	default
43645K436	482	692	536	701	default
515.64	548	692	580	701	default
43645K448	594	692	647	701	default
1,052.68	660	692	701	701	default
Thin-Wall	32	183	109	198	default
Butt-Weld	114	183	196	198	default
Stainless	201	183	276	198	default
Steel	281	183	323	198	default
Unthreaded	328	183	425	198	default
Pipe	430	183	466	198	default
Fittings	472	183	533	198	default
Also	228	200	248	209	default
known	251	200	282	209	default
as	285	200	295	209	default
Schedule	298	200	342	209	default
10	344	200	356	209	default
fittings,	359	200	393	209	default
these	395	200	421	209	default
are	424	200	438	209	default
thin	441	200	458	209	default
and	461	200	478	209	default
lightweight	481	200	531	209	default
They	537	200	560	209	default
have	562	200	585	209	default
beveled	587	200	624	209	default
ends	627	200	649	209	default
that,	652	200	673	209	default
when	676	200	701	209	default
flush	218	209	240	219	default
to	244	209	253	219	default
pipe,	256	209	280	219	default
create	283	209	313	219	default
a	316	209	322	219	default
trough	325	209	355	219	default
for	359	209	372	219	default
a	375	209	381	219	default
strong	384	209	414	219	default
weld	417	209	440	219	default
that	443	209	461	219	default
permits	464	209	500	219	default
maximum	503	209	550	219	default
flow	553	209	573	219	default
Fittings	578	209	613	219	default
meet	616	209	640	219	default
ANSI/ASME	643	209	701	219	default
B16.9,	218	219	248	229	default
ASTM	251	219	279	229	default
A403/A403M,	282	219	346	229	default
and	349	219	366	229	default
MSS	369	219	392	229	default
SP-43	394	219	424	229	default
304	228	229	246	238	default
stainless	250	229	294	238	default
steel	298	229	323	238	default
fittings	326	229	358	238	default
have	362	229	385	238	default
very	389	229	408	238	default
good	412	229	437	238	default
corrosion	441	229	485	238	default
resistance	489	229	537	238	default
316	544	229	562	238	default
stainless	566	229	610	238	default
steel	614	229	639	238	default
fittings	642	229	674	238	default
have	678	229	701	238	default
excellent	218	238	259	248	default
corrosion	262	238	305	248	default
resistance	308	238	356	248	default
Stub	228	248	251	258	default
ends	253	248	277	258	default
are	280	248	294	258	default
used	296	248	319	258	default
with	321	248	340	258	default
flanges	343	248	376	258	default
Slide	381	248	404	258	default
a	407	248	412	258	default
flange	415	248	443	258	default
onto	445	248	466	258	default
the	469	248	483	258	default
stub	486	248	506	258	default
end	508	248	526	258	default
and	528	248	546	258	default
weld	548	248	570	258	default
the	572	248	587	258	default
stub	589	248	609	258	default
end	612	248	629	258	default
to	632	248	641	258	default
pipe	644	248	664	258	default
(not	666	248	684	258	default
the	686	248	701	258	default
flange)	218	258	249	268	default
Since	254	258	280	268	default
the	283	258	298	268	default
flange	301	258	329	268	default
isn’t	332	258	351	268	default
welded	354	258	388	268	default
to	391	258	400	268	default
the	403	258	418	268	default
pipe,	420	258	444	268	default
it	446	258	452	268	default
can	455	258	472	268	default
be	475	258	487	268	default
disconnected	489	258	552	268	default
easily,	555	258	584	268	default
which	586	258	614	268	default
creates	617	258	651	268	default
an	654	258	665	268	default
access	668	258	701	268	default
point	218	268	241	277	default
for	244	268	257	277	default
frequent	259	268	298	277	default
cleaning	301	268	340	277	default
and	343	268	360	277	default
inspecting	363	268	411	277	default
Inline	228	277	255	287	default
tees	258	277	279	287	default
are	282	277	296	287	default
also	299	277	318	287	default
known	321	277	352	287	default
as	355	277	366	287	default
branch	368	277	401	287	default
tees	404	277	423	287	default
Offset	228	287	259	297	default
straights	262	287	307	297	default
are	311	287	326	297	default
also	329	287	349	297	default
known	353	287	384	297	default
as	388	287	399	297	default
eccentric	403	287	446	297	default
reducers;	450	287	494	297	default
they	498	287	518	297	default
connect	522	287	560	297	default
one	564	287	582	297	default
pipe	586	287	606	297	default
to	610	287	619	297	default
another	623	287	659	297	default
smaller-	663	287	701	297	default
diameter	218	297	258	306	default
pipe	261	297	282	306	default
and	284	297	302	306	default
have	305	297	327	306	default
the	330	297	345	306	default
centers	347	297	382	306	default
offset	385	297	411	306	default
so	414	297	425	306	default
your	428	297	448	306	default
line	451	297	467	306	default
can	470	297	487	306	default
drain	490	297	513	306	default
How	43	59	65	69	default
to	68	59	78	69	default
Measure	81	59	124	69	default
Pipe	127	59	149	69	default
Size	152	59	172	69	default
for	175	59	189	69	default
Unthreaded	192	59	250	69	default
Pipe	253	59	275	69	default
and	278	59	296	69	default
Fittings—Example	299	59	387	69	default
shows	390	59	420	69	default
pipe	423	59	443	69	default
size	446	59	464	69	default
3/8	467	59	478	69	default
Pipe	53	70	74	79	default
size	78	70	96	79	default
is	99	70	107	79	default
not	110	70	126	79	default
an	129	70	141	79	default
actual	144	70	173	79	default
measured	176	70	223	79	default
size,	227	70	248	79	default
but	251	70	267	79	default
rather	270	70	298	79	default
an	43	79	54	89	default
industry	56	79	94	89	default
designation	96	79	150	89	default
Align	155	79	178	89	default
your	181	79	201	89	default
pipe	204	79	224	89	default
or	227	79	236	89	default
butt-weld	239	79	283	89	default
fit-	285	79	298	89	default
ting	43	89	60	99	default
with	63	89	82	99	default
the	84	89	99	99	default
“0”	102	89	116	99	default
line	119	89	135	99	default
as	138	89	148	99	default
shown	151	89	182	99	default
The	187	89	205	99	default
line	207	89	223	99	default
on	226	89	238	99	default
the	240	89	255	99	default
opposite	257	89	298	99	default
edge	43	99	66	109	default
gives	69	99	93	109	default
the	95	99	110	109	default
pipe	113	99	133	109	default
size	135	99	154	109	default
You	159	99	176	109	default
can	179	99	196	109	default
also	199	99	218	109	default
measure	220	99	260	109	default
the	263	99	277	109	default
OD,	280	99	298	109	default
then	43	109	63	118	default
find	65	109	82	118	default
the	85	109	99	118	default
corresponding	102	109	168	118	default
pipe	171	109	191	118	default
size	193	109	211	118	default
in	213	109	221	118	default
the	224	109	238	118	default
chart	241	109	264	118	default
If	270	109	275	118	default
your	278	109	298	118	default
measurement	43	118	106	128	default
doesn’t	109	118	144	128	default
match	146	118	176	128	default
an	178	118	190	128	default
OD	193	118	208	128	default
listed,	211	118	238	128	default
round	241	118	268	128	default
to	271	118	280	128	default
the	283	118	298	128	default
nearest	43	128	77	138	default
1/80	80	128	95	138	default
Pipe	250	131	271	141	default
Size:	274	131	298	141	default
OD:	279	144	298	153	default
To	58	155	69	164	default
measure	72	155	112	164	default
larger	115	155	141	164	default
pipe	144	155	164	164	default
sizes,	167	155	193	164	default
go	196	155	208	164	default
to	211	155	220	164	default
mcmaster	223	155	269	164	default
com	271	155	292	164	default
and	295	155	312	164	default
search	315	155	346	164	default
for	349	155	361	164	default
4347KAC	364	155	410	164	default
For	415	155	431	164	default
information	434	155	486	164	default
about	489	155	516	164	default
fittings	519	155	550	164	default
and	553	155	570	164	default
pipe,	573	155	596	164	default
see	599	155	616	164	default
pages	618	155	647	164	default
2-3	650	155	665	164	default
38	562	142	570	153	default
12	350	142	359	153	default
34	377	142	386	153	default
78	508	142	516	153	default
1	474	144	480	154	default
138	444	142	458	154	default
1	502	144	508	154	default
2	607	144	613	154	default
2	555	144	561	154	default
58	364	142	373	153	default
58	479	142	488	153	default
312	674	143	688	154	default
78	398	142	407	153	default
118	414	142	428	154	default
78	614	142	622	153	default
0	306	131	312	141	default
0	306	143	312	153	default
1	445	131	451	141	default
18	351	129	360	140	default
14	364	129	372	140	default
12	397	129	406	140	default
34	418	129	427	140	default
114	474	129	488	141	default
112	502	129	516	141	default
2	559	131	565	141	default
212	608	129	623	141	default
3	679	131	685	141	default
38	377	129	386	140	default
˝	687	142	689	154	default
˝	620	142	623	153	default
˝	569	142	572	153	default
˝	515	142	517	153	default
˝	487	142	490	153	default
˝	456	142	459	153	default
˝	426	142	429	153	default
˝	405	142	408	153	default
˝	385	142	387	153	default
˝	372	142	374	153	default
˝	358	142	361	153	default
Caps	182	774	208	784	default
Pipe	32	784	53	793	default
Size	32	793	52	803	default
Wall	95	784	114	793	default
Thick	95	793	120	803	default
304/304L	175	784	219	793	default
Stainless	161	793	206	803	default
Steel	209	793	234	803	default
316/316L	286	784	331	793	default
Stainless	272	793	317	803	default
Steel	320	793	345	803	default
1/2	44	806	55	815	default
0.0830	95	805	124	816	default
45735K271	148	806	202	816	default
$10.88	214	806	246	815	default
43645K371	259	806	313	816	default
$15.67	326	806	357	815	default
3/4	44	815	55	825	default
0.0830	95	815	124	826	default
45735K272	148	816	202	825	default
14.80	220	815	246	825	default
43645K372	259	816	313	825	default
20.89	331	815	357	825	default
1	35	825	41	835	default
0.1090	95	825	124	835	default
45735K273	148	825	202	835	default
16.10	220	825	246	835	default
43645K373	259	825	313	835	default
22.63	331	825	357	835	default
1	35	835	41	845	default
1/4	44	835	55	845	default
0.1090	95	835	124	845	default
45735K277	148	835	202	845	default
40.47	220	835	246	845	default
43645K147	259	835	313	845	default
56.58	331	835	357	845	default
1	35	845	41	854	default
1/2	44	844	55	854	default
0.1090	95	844	124	855	default
45735K275	148	845	202	854	default
17.41	220	845	246	854	default
43645K375	259	845	313	854	default
24.81	331	845	357	854	default
2	35	857	41	867	default
0.1090	95	857	124	867	default
45735K276	148	857	202	867	default
15.23	220	857	246	867	default
43645K376	259	857	313	867	default
19.58	331	857	357	867	default
2	35	867	41	877	default
1/2	44	867	55	877	default
0.120	95	867	119	877	default
45735K281	148	867	202	877	default
21.76	220	867	246	877	default
43645K148	259	867	313	877	default
24.80	331	867	357	877	default
3	35	877	41	886	default
0.120	95	876	119	887	default
45735K278	148	877	202	886	default
18.71	220	877	246	886	default
43645K378	259	877	313	886	default
26.11	331	877	357	886	default
4	35	886	41	896	default
0.120	95	886	119	896	default
45735K279	148	886	202	896	default
23.94	220	886	246	896	default
43645K379	259	886	313	896	default
31.33	331	886	357	896	default
6	35	896	41	906	default
0.1340	95	896	124	906	default
45735K282	148	896	202	906	default
39.17	220	896	246	906	default
43645K149	259	896	313	906	default
52.22	331	896	357	906	default
8	35	909	41	918	default
0.1480	95	908	124	919	default
45735K115	148	909	202	918	default
73.78	220	909	246	918	default
43645K151	259	909	313	918	default
86.74	331	909	357	918	default
10	32	918	44	928	default
0.1650	95	918	124	928	default
45735K619	148	918	202	928	default
94.14	220	918	246	928	default
43645K458	259	918	313	928	default
122.68	326	918	357	928	default
12	32	928	44	938	default
0.180	95	928	119	938	default
45735K621	148	928	202	938	default
122.68	214	928	246	938	default
43645K459	259	928	313	938	default
164.40	326	928	357	938	default
Caps	32	726	58	735	default
and	61	726	79	735	default
Stub	82	726	105	735	default
Ends	108	726	133	735	default
Pipe	375	783	396	793	default
Size	375	793	395	803	default
Wall	438	783	457	793	default
Thick	438	793	463	803	default
304/304L	518	783	563	793	default
Stainless	504	793	549	803	default
Steel	552	793	577	803	default
316/316L	629	783	674	793	default
Stainless	615	793	660	803	default
Steel	663	793	688	803	default
1/2	387	806	398	815	default
0.0830	438	805	467	816	default
45735K291	491	806	545	816	default
$13.67	557	806	589	815	default
43645K391	603	806	656	816	default
$17.66	669	806	701	815	default
3/4	387	815	398	825	default
0.0830	438	815	467	826	default
45735K292	491	816	545	825	default
14.81	563	815	589	825	default
43645K392	603	816	656	825	default
20.51	675	815	701	825	default
1	378	825	384	835	default
0.1090	438	825	467	835	default
45735K293	491	825	545	835	default
15.95	563	825	589	835	default
43645K393	603	825	656	835	default
20.51	675	825	701	835	default
1	378	835	384	845	default
1/4	387	835	398	845	default
0.1090	438	835	467	845	default
45735K297	491	835	545	845	default
35.32	563	835	589	845	default
43645K152	603	835	656	845	default
44.42	675	835	701	845	default
1	378	845	384	854	default
1/2	387	844	398	854	default
0.1090	438	844	467	855	default
45735K295	491	845	545	854	default
15.38	563	845	589	854	default
43645K395	603	845	656	854	default
19.94	675	845	701	854	default
2	378	857	384	867	default
0.1090	438	857	467	867	default
45735K296	491	857	545	867	default
18.80	563	857	589	867	default
43645K396	603	857	656	867	default
22.78	675	857	701	867	default
2	378	867	384	877	default
1/2	387	867	398	877	default
0.120	438	867	462	877	default
45735K311	491	867	545	877	default
39.87	563	867	589	877	default
43645K153	603	867	656	877	default
48.98	675	867	701	877	default
3	378	877	384	886	default
0.120	438	876	462	887	default
45735K298	491	877	545	886	default
26.20	563	877	589	886	default
43645K398	603	877	656	886	default
32.47	675	877	701	886	default
4	378	886	384	896	default
0.120	438	886	462	896	default
45735K299	491	886	545	896	default
35.32	563	886	589	896	default
43645K399	603	886	656	896	default
44.43	675	886	701	896	default
6	378	896	384	906	default
0.1340	438	896	467	906	default
45735K312	491	896	545	906	default
71.20	563	896	589	906	default
43645K154	603	896	656	906	default
87.72	675	896	701	906	default
8	378	909	384	918	default
0.1480	438	908	467	919	default
45735K116	491	909	545	918	default
112.93	557	909	589	918	default
43645K155	603	909	656	918	default
158.53	669	909	701	918	default
10	375	918	387	928	default
0.1340	438	918	467	928	default
45735K622	491	918	545	928	default
336.06	557	918	589	928	default
43645K461	603	918	656	928	default
447.26	669	918	701	928	default
12	375	928	387	938	default
0.1560	438	928	467	938	default
45735K623	491	928	545	938	default
427.00	557	928	589	938	default
43645K462	603	928	656	938	default
561.34	669	928	701	938	default
Stub	513	774	537	784	default
Ends	539	774	564	784	default
##LTFigure##	512	361	551	397	default
##LTFigure##	234	349	277	400	default
##LTFigure##	382	360	420	397	default
##LTFigure##	382	362	390	364	default
##LTFigure##	620	358	682	394	default
##LTFigure##	177	745	219	771	default
##LTFigure##	307	77	384	122	default
##LTFigure##	516	740	560	771	default
