35	709	960	729	973	default
Stainless	323	29	418	48	default
Steel	424	29	477	48	default
Pipe	484	29	530	48	default
Fittings	537	29	615	48	default
&	621	29	636	48	default
Pipe	643	29	689	48	default
Straights	372	376	417	385	default
Pipe	60	385	81	394	default
Size	84	385	103	394	default
(A)	60	393	73	402	default
(B)	91	393	104	402	default
304/304L	60	405	105	415	default
Stainless	108	405	153	415	default
Steel	156	405	181	415	default
3/4	71	415	83	425	default
1/2	97	415	109	425	default
45735K411	119	415	173	425	default
$11.75	182	415	214	425	default
1	66	425	71	434	default
1/2	97	424	109	434	default
45735K117	119	425	173	434	default
16.54	188	425	214	434	default
1	66	434	71	444	default
3/4	97	434	109	444	default
45735K413	119	434	173	444	default
14.36	188	434	214	444	default
11/4	66	444	83	454	default
.1	88	444	97	454	default
45735K414	119	444	173	454	default
24.81	188	444	214	454	default
11/2	66	454	83	463	default
.1	88	454	97	463	default
45735K418	119	454	173	463	default
9.14	194	454	214	463	default
11/2	66	463	83	473	default
.11/4	88	463	109	473	default
45735K118	119	463	173	473	default
12.62	188	463	214	473	default
2	66	476	71	486	default
1/2	97	476	109	486	default
45735K119	119	476	173	486	default
44.82	188	476	214	486	default
2	66	486	71	495	default
3/4	97	486	109	495	default
45735K121	119	486	173	495	default
31.76	188	486	214	495	default
2	66	495	71	505	default
1	91	495	97	505	default
45735K423	119	495	173	505	default
10.88	188	495	214	505	default
2	66	505	71	515	default
11/4	91	505	109	515	default
45735K122	119	505	173	515	default
15.24	188	505	214	515	default
2	66	515	71	525	default
11/2	91	515	109	525	default
45735K425	119	515	173	525	default
10.44	188	515	214	525	default
21/2	66	527	83	537	default
.1	88	527	97	537	default
45735K123	119	527	173	537	default
60.92	188	527	214	537	default
21/2	66	537	83	547	default
.11/2	88	537	109	547	default
45735K424	119	537	173	547	default
47.87	188	537	214	547	default
21/2	66	547	83	557	default
.2	88	547	97	557	default
45735K124	119	547	173	557	default
32.64	188	547	214	557	default
Pipe	232	385	253	394	default
Size	256	385	275	394	default
(A)	232	393	244	402	default
(B)	263	393	276	402	default
304/304L	232	405	277	415	default
Stainless	280	405	325	415	default
Steel	327	405	353	415	default
(Cont	232	415	259	425	default
)	262	415	265	425	default
3	243	425	249	434	default
11/4	269	424	286	434	default
45735K125	290	425	344	434	default
$58.76	354	425	386	434	default
3	243	434	249	444	default
2	269	434	275	444	default
45735K432	290	434	344	444	default
14.80	360	434	386	444	default
4	243	444	249	454	default
11/2	269	444	286	454	default
45735K126	290	444	344	454	default
37.00	360	444	386	454	default
4	243	454	249	463	default
3	269	454	275	463	default
45735K437	290	454	344	463	default
15.67	360	454	386	463	default
6	243	466	249	476	default
2	269	466	275	476	default
45735K127	290	466	344	476	default
124.34	354	466	386	476	default
6	243	476	249	486	default
4	269	476	275	486	default
45735K438	290	476	344	486	default
26.11	360	476	386	486	default
8	243	486	249	495	default
4	269	486	275	495	default
45735K128	290	486	344	495	default
95.82	360	486	386	495	default
8	243	495	249	505	default
6	269	495	275	505	default
45735K129	290	495	344	505	default
78.70	360	495	386	505	default
10	237	505	249	515	default
6	269	505	275	515	default
45735K624	290	505	344	515	default
196.48	354	505	386	515	default
10	237	515	249	525	default
8	269	515	275	525	default
45735K625	290	515	344	525	default
130.16	354	515	386	525	default
12	237	527	249	537	default
6	269	527	275	537	default
45735K626	290	527	344	537	default
324.50	354	527	386	537	default
12	237	537	249	547	default
8	269	537	275	547	default
45735K627	290	537	344	547	default
251.04	354	537	386	547	default
12	237	547	249	557	default
10	263	547	275	557	default
45735K628	290	547	344	557	default
184.36	354	547	386	557	default
Pipe	404	385	424	394	default
Size	427	385	446	394	default
(A)	404	393	416	402	default
(B)	435	393	447	402	default
316/316L	404	405	448	415	default
Stainless	451	405	496	415	default
Steel	499	405	524	415	default
3/4	415	415	426	425	default
1/2	440	415	452	425	default
43645K511	462	415	516	425	default
$14.36	525	415	557	425	default
1	409	425	415	434	default
1/2	440	424	452	434	default
43645K134	462	425	516	434	default
21.32	531	425	557	434	default
1	409	434	415	444	default
3/4	440	434	452	444	default
43645K513	462	434	516	444	default
17.41	531	434	557	444	default
11/4	409	444	426	454	default
3/4	440	444	452	454	default
43645K156	462	444	516	454	default
27.20	531	444	557	454	default
11/2	409	454	426	463	default
.1	431	454	440	463	default
43645K518	462	454	516	463	default
12.19	531	454	557	463	default
11/2	409	463	426	473	default
.11/4	431	463	452	473	default
43645K135	462	463	516	473	default
16.98	531	463	557	473	default
2	409	476	415	486	default
1/2	440	476	452	486	default
43645K136	462	476	516	486	default
60.06	531	476	557	486	default
2	409	486	415	495	default
3/4	440	486	452	495	default
43645K137	462	486	516	495	default
41.80	531	486	557	495	default
2	409	495	415	505	default
1	435	495	440	505	default
43645K523	462	495	516	505	default
14.80	531	495	557	505	default
2	409	505	415	515	default
11/4	435	505	452	515	default
43645K138	462	505	516	515	default
19.58	531	505	557	515	default
2	409	515	415	525	default
11/2	435	515	452	525	default
43645K525	462	515	516	525	default
12.19	531	515	557	525	default
21/2	409	527	426	537	default
.1	431	527	440	537	default
43645K139	462	527	516	537	default
78.34	531	527	557	537	default
21/2	409	537	426	547	default
.11/2	431	537	452	547	default
43645K157	462	537	516	547	default
50.77	531	537	557	547	default
21/2	409	547	426	557	default
.2	431	547	440	557	default
43645K141	462	547	516	557	default
38.38	531	547	557	557	default
Pipe	575	385	596	394	default
Size	599	385	618	394	default
(A)	575	393	587	402	default
(B)	606	393	619	402	default
316/316L	575	405	620	415	default
Stainless	623	405	668	415	default
Steel	671	405	696	415	default
(Cont	575	415	602	425	default
)	605	415	608	425	default
3	586	425	592	434	default
11/4	612	424	629	434	default
43645K142	634	425	687	434	default
$82.68	697	425	729	434	default
3	586	434	592	444	default
2	612	434	618	444	default
43645K532	634	434	687	444	default
18.71	703	434	729	444	default
4	586	444	592	454	default
11/2	612	444	629	454	default
43645K143	634	444	687	454	default
45.70	703	444	729	454	default
4	586	454	592	463	default
3	612	454	618	463	default
43645K537	634	454	687	463	default
20.89	703	454	729	463	default
6	586	466	592	476	default
2	612	466	618	476	default
43645K144	634	466	687	476	default
161.64	697	466	729	476	default
6	586	476	592	486	default
4	612	476	618	486	default
43645K158	634	476	687	486	default
28.77	703	476	729	486	default
8	586	486	592	495	default
4	612	486	618	495	default
43645K145	634	486	687	495	default
119.43	697	486	729	495	default
8	586	495	592	505	default
6	612	495	618	505	default
43645K146	634	495	687	505	default
93.42	703	495	729	505	default
10	580	505	592	515	default
6	612	505	618	515	default
43645K473	634	505	687	515	default
255.68	697	505	729	515	default
10	580	515	592	525	default
8	612	515	618	525	default
43645K474	634	515	687	525	default
169.74	697	515	729	525	default
12	580	527	592	537	default
6	612	527	618	537	default
43645K475	634	527	687	537	default
432.20	697	527	729	537	default
12	580	537	592	547	default
8	612	537	618	547	default
43645K476	634	537	687	547	default
329.50	697	537	729	547	default
12	580	547	592	557	default
10	606	547	618	557	default
43645K477	634	547	687	557	default
231.08	697	547	729	557	default
Thin-Wall	61	56	138	72	default
Butt-Weld	143	56	224	72	default
Stainless	229	56	304	72	default
Steel	309	56	351	72	default
Unthreaded	357	56	453	72	default
Pipe	459	56	495	72	default
Fittings	500	56	562	72	default
A	367	361	373	369	default
B	418	346	424	354	default
Reducers	60	73	108	83	default
Pipe	60	153	81	163	default
Size	84	153	103	163	default
(A)	60	161	73	171	default
(B)	91	161	104	171	default
304/304L	60	174	105	184	default
Stainless	108	174	153	184	default
Steel	156	174	181	184	default
1	66	184	71	193	default
1/2	97	184	109	193	default
45735K644	119	184	173	194	default
$39.16	182	184	214	193	default
1	66	193	71	203	default
3/4	97	193	109	203	default
45735K645	119	194	173	203	default
39.16	188	193	214	203	default
11/2	66	203	83	213	default
3/4	97	203	109	213	default
45735K646	119	203	173	213	default
60.92	188	203	214	213	default
11/2	66	213	83	223	default
.1	88	213	97	223	default
45735K647	119	213	173	223	default
43.52	188	213	214	223	default
2	66	225	71	235	default
1	91	225	97	235	default
45735K648	119	225	173	235	default
43.52	188	225	214	235	default
2	66	235	71	245	default
11/2	91	235	109	245	default
45735K649	119	235	173	245	default
39.16	188	235	214	245	default
21/2	66	245	83	255	default
.11/2	88	245	109	255	default
45735K651	119	245	173	255	default
143.62	182	245	214	255	default
21/2	66	254	83	264	default
.2	88	254	97	264	default
45735K652	119	255	173	264	default
108.80	182	255	214	264	default
3	66	267	71	277	default
11/2	91	267	109	277	default
45735K653	119	267	173	277	default
73.98	188	267	214	277	default
3	66	277	71	287	default
2	91	277	97	287	default
45735K654	119	277	173	287	default
60.92	188	277	214	287	default
3	66	287	71	296	default
21/2	91	286	109	296	default
45735K655	119	287	173	296	default
119.68	182	287	214	296	default
4	66	299	71	309	default
2	91	299	97	309	default
45735K656	119	299	173	309	default
137.08	182	299	214	309	default
4	66	309	71	318	default
21/2	91	309	109	318	default
45735K657	119	309	173	319	default
245.88	182	309	214	318	default
4	66	318	71	328	default
3	91	318	97	328	default
45735K658	119	319	173	328	default
104.44	182	318	214	328	default
6	66	328	71	338	default
4	91	328	97	338	default
45735K659	119	328	173	338	default
221.96	182	328	214	338	default
Pipe	232	153	253	163	default
Size	256	153	275	163	default
(A)	232	161	244	171	default
(B)	263	161	276	171	default
316/316L	232	174	277	184	default
Stainless	280	174	325	184	default
Steel	327	174	353	184	default
1	237	184	243	193	default
1/2	269	184	280	193	default
43645K623	290	184	344	194	default
$50.04	354	184	386	193	default
1	237	193	243	203	default
3/4	269	193	280	203	default
43645K624	290	194	344	203	default
50.04	360	193	386	203	default
11/2	237	203	254	213	default
3/4	269	203	280	213	default
43645K625	290	203	344	213	default
78.34	360	203	386	213	default
11/2	237	213	254	223	default
.1	259	213	269	223	default
43645K626	290	213	344	223	default
56.58	360	213	386	223	default
2	237	225	243	235	default
1	263	225	269	235	default
43645K627	290	225	344	235	default
56.58	360	225	386	235	default
2	237	235	243	245	default
11/2	263	235	280	245	default
43645K628	290	235	344	245	default
54.40	360	235	386	245	default
21/2	237	245	254	255	default
.11/2	259	245	280	255	default
43645K629	290	245	344	255	default
184.96	354	245	386	255	default
21/2	237	254	254	264	default
.2	259	254	269	264	default
43645K631	290	255	344	264	default
141.44	354	255	386	264	default
3	237	267	243	277	default
11/2	263	267	280	277	default
43645K632	290	267	344	277	default
102.28	354	267	386	277	default
3	237	277	243	287	default
2	263	277	269	287	default
43645K633	290	277	344	287	default
78.34	360	277	386	287	default
3	237	287	243	296	default
21/2	263	286	280	296	default
43645K634	290	287	344	296	default
156.68	354	287	386	296	default
4	237	299	243	309	default
2	263	299	269	309	default
43645K635	290	299	344	309	default
174.08	354	299	386	309	default
4	237	309	243	318	default
21/2	263	309	280	318	default
43645K636	290	309	344	319	default
174.08	354	309	386	318	default
4	237	318	243	328	default
3	263	318	269	328	default
43645K637	290	319	344	328	default
141.44	354	318	386	328	default
6	237	328	243	338	default
4	263	328	269	338	default
43645K638	290	328	344	338	default
289.40	354	328	386	338	default
Pipe	60	648	81	658	default
Size	60	658	80	668	default
1-ft	424	658	441	668	default
Lengths	447	658	487	668	default
3-ft	537	658	554	668	default
Lengths	559	658	600	668	default
6-ft	648	658	665	668	default
Lengths	671	658	711	668	default
304/304L	60	671	105	680	default
Stainless	108	671	153	680	default
Steel	156	671	181	680	default
1/2	77	680	89	690	default
4347K311	406	680	454	690	default
$12.57	473	680	505	690	default
4347K312	519	680	567	690	default
$25.54	586	680	617	690	default
4347K54	631	680	673	690	default
$39.29	697	680	729	690	default
3/4	77	690	89	700	default
4347K321	406	690	454	700	default
15.00	479	690	505	700	default
4347K322	519	690	567	700	default
30.47	591	690	617	700	default
4347K55	631	690	673	700	default
46.88	703	690	729	700	default
1	71	700	77	709	default
4347K331	406	700	454	709	default
20.07	479	700	505	709	default
4347K332	519	700	567	709	default
45.15	591	700	617	709	default
4347K56	631	700	673	709	default
71.67	703	700	729	709	default
11/4	71	709	89	719	default
4347K341	406	709	454	719	default
23.15	479	709	505	719	default
4347K342	519	709	567	719	default
52.08	591	709	617	719	default
4347K57	631	709	673	719	default
82.67	703	709	729	719	default
11/2	71	718	89	728	default
4347K351	406	718	454	728	default
24.19	479	718	505	728	default
4347K352	519	718	567	728	default
57.67	591	718	617	728	default
4347K58	631	718	673	728	default
93.02	703	718	729	728	default
2	71	731	77	740	default
4347K361	406	731	454	741	default
29.82	479	731	505	740	default
4347K362	519	731	567	741	default
71.11	591	731	617	740	default
4347K59	631	731	673	741	default
114.69	697	731	729	740	default
21/2	71	740	89	750	default
4347K371	406	741	454	750	default
36.89	479	740	505	750	default
4347K372	519	741	567	750	default
90.01	591	740	617	750	default
4347K61	631	741	673	750	default
147.56	697	740	729	750	default
3	71	750	77	760	default
4347K381	406	750	454	760	default
45.22	479	750	505	760	default
4347K382	519	750	567	760	default
110.34	586	750	617	760	default
4347K62	631	750	673	760	default
180.88	697	750	729	760	default
4	71	760	77	770	default
4347K391	406	760	454	770	default
48.87	479	760	505	770	default
4347K392	519	760	567	770	default
128.83	586	760	617	770	default
4347K63	631	760	673	770	default
222.12	697	760	729	770	default
6	71	770	77	779	default
4347K411	406	770	454	779	default
77.75	479	770	505	779	default
4347K412	519	770	567	779	default
204.97	586	770	617	779	default
4347K65	631	770	673	779	default
353.40	697	770	729	779	default
8	71	782	77	792	default
4347K421	406	782	454	792	default
61.51	479	782	505	792	default
4347K422	519	782	567	792	default
178.60	586	782	617	792	default
4347K423	631	782	679	792	default
278.76	697	782	729	792	default
10	66	792	77	802	default
4347K431	406	792	454	802	default
82.84	479	792	505	802	default
4347K432	519	792	567	802	default
240.53	586	792	617	802	default
4347K433	631	792	679	802	default
375.44	697	792	729	802	default
12	66	802	77	811	default
4347K441	406	802	454	811	default
115.82	473	802	505	811	default
4347K442	519	802	567	811	default
336.24	586	802	617	811	default
4347K443	631	802	679	811	default
524.82	697	802	729	811	default
316/316L	60	811	105	821	default
Stainless	108	811	153	821	default
Steel	156	811	181	821	default
1/2	77	821	89	831	default
4378K511	406	821	454	831	default
15.55	479	821	505	831	default
4378K512	519	821	567	831	default
32.15	591	821	617	831	default
4378K74	631	821	673	831	default
51.85	703	821	729	831	default
3/4	77	831	89	840	default
4378K521	406	831	454	841	default
18.83	479	831	505	840	default
4378K522	519	831	567	841	default
39.55	591	831	617	840	default
4378K75	631	831	673	841	default
62.78	703	831	729	840	default
1	71	840	77	850	default
4378K531	406	841	454	850	default
24.23	479	840	505	850	default
4378K532	519	841	567	850	default
56.85	591	840	617	850	default
4378K76	631	841	673	850	default
93.20	703	840	729	850	default
11/4	71	850	89	860	default
4378K541	406	850	454	860	default
31.39	479	850	505	860	default
4378K542	519	850	567	860	default
73.65	591	850	617	860	default
4378K77	631	850	673	860	default
120.73	697	850	729	860	default
11/2	71	860	89	870	default
4378K551	406	860	454	870	default
32.29	479	860	505	870	default
4378K552	519	860	567	870	default
80.72	591	860	617	870	default
4378K78	631	860	673	870	default
134.53	697	860	729	870	default
2	71	872	77	882	default
4378K561	406	872	454	882	default
39.75	479	872	505	882	default
4378K562	519	872	567	882	default
99.37	591	872	617	882	default
4378K79	631	872	673	882	default
165.62	697	872	729	882	default
21/2	71	882	89	892	default
4378K571	406	882	454	892	default
49.25	479	882	505	892	default
4378K572	519	882	567	892	default
126.35	586	882	617	892	default
4378K81	631	882	673	892	default
214.15	697	882	729	892	default
3	71	892	77	902	default
4378K581	406	892	454	902	default
58.71	479	892	505	902	default
4378K582	519	892	567	902	default
150.60	586	892	617	902	default
4378K82	631	892	673	902	default
255.26	697	892	729	902	default
4	71	902	77	911	default
4378K591	406	902	454	911	default
64.96	479	902	505	911	default
4378K592	519	902	567	911	default
181.88	586	902	617	911	default
4378K83	631	902	673	911	default
324.78	697	902	729	911	default
6	71	911	77	921	default
4378K611	406	911	454	921	default
96.66	479	911	505	921	default
4378K612	519	911	567	921	default
270.64	586	911	617	921	default
4378K85	631	911	673	921	default
483.29	697	911	729	921	default
8	71	924	77	934	default
4378K621	406	924	454	934	default
88.22	479	924	505	934	default
4378K622	519	924	567	934	default
256.13	586	924	617	934	default
4378K623	631	924	679	934	default
399.78	697	924	729	934	default
10	66	934	77	943	default
4378K631	406	934	454	943	default
101.38	473	934	505	943	default
4378K632	519	934	567	943	default
294.31	586	934	617	943	default
4378K633	631	934	679	943	default
459.36	697	934	729	943	default
12	66	943	77	953	default
4378K641	406	943	454	953	default
141.71	473	943	505	953	default
4378K642	519	943	567	953	default
411.40	586	943	617	953	default
4378K643	631	943	679	953	default
642.13	697	943	729	953	default
•	63	590	68	597	default
Use	71	588	89	598	default
with	92	588	111	598	default
air,	114	588	127	598	default
natural	130	588	162	598	default
gas,	165	588	185	598	default
oil,	187	588	201	598	default
water	71	598	97	608	default
•	63	609	68	617	default
Fittings:	71	608	108	617	default
Use	111	608	129	617	default
butt-weld	132	608	176	617	default
Schedule	71	617	114	627	default
10	117	617	129	627	default
thin-wall	132	617	171	627	default
stainless	174	617	214	627	default
steel	71	627	93	637	default
(see	96	627	115	637	default
page	118	627	141	637	default
34	144	627	155	637	default
and	158	627	176	637	default
above)	179	627	210	637	default
Thin-Wall	60	571	137	587	default
Stainless	142	571	217	587	default
Steel	222	571	265	587	default
Unthreaded	270	571	367	587	default
Pipe	372	571	408	587	default
Also	242	588	263	598	default
known	265	588	296	598	default
as	299	588	310	598	default
Schedule	313	588	356	598	default
10,	359	588	374	598	default
this	376	588	393	598	default
pipe	396	588	416	598	default
is	419	588	426	598	default
thin	429	588	446	598	default
and	449	588	467	598	default
lightweight	470	588	520	598	default
Weld	526	588	549	598	default
it	552	588	557	598	default
to	560	588	569	598	default
fittings	572	588	603	598	default
and	232	598	250	608	default
additional	253	598	299	608	default
lengths	302	598	336	608	default
of	340	598	349	608	default
pipe	352	598	372	608	default
Welded	379	598	414	608	default
connections	417	598	474	608	default
are	478	598	492	608	default
stronger	495	598	534	608	default
than	538	598	558	608	default
threaded	561	598	603	608	default
connections	232	608	289	617	default
and	292	608	309	617	default
less	312	608	330	617	default
likely	333	608	356	617	default
to	359	608	368	617	default
leak	371	608	390	617	default
Pipe	396	608	416	617	default
has	419	608	436	617	default
a	439	608	444	617	default
welded	447	608	481	617	default
construction,	484	608	544	617	default
so	547	608	558	617	default
there	561	608	585	617	default
is	587	608	595	617	default
a	598	608	603	617	default
weld	232	617	254	627	default
bead	257	617	280	627	default
on	283	617	295	627	default
the	298	617	312	627	default
inside	315	617	343	627	default
Meets	348	617	377	627	default
ANSI/ASME	380	617	436	627	default
B36.19	439	617	472	627	default
and	475	617	493	627	default
ASTM	495	617	524	627	default
A312	527	617	551	627	default
304	242	627	260	637	default
stainless	263	627	308	637	default
steel	312	627	336	637	default
pipe	339	627	360	637	default
has	363	627	380	637	default
very	384	627	404	637	default
good	407	627	432	637	default
corrosion	435	627	479	637	default
resistance	483	627	531	637	default
316	538	627	555	637	default
stainless	559	627	603	637	default
steel	232	637	256	646	default
pipe	259	637	279	646	default
has	282	637	298	646	default
excellent	301	637	343	646	default
corrosion	346	637	389	646	default
resistance	392	637	439	646	default
Pipe	404	153	424	163	default
Size	427	153	446	163	default
(A)	404	161	416	171	default
(B)	435	161	447	171	default
304/304L	404	174	448	184	default
Stainless	451	174	496	184	default
Steel	499	174	524	184	default
1	409	184	415	193	default
1/2	440	184	452	193	default
45735K629	462	184	516	194	default
$41.34	525	184	557	193	default
1	409	193	415	203	default
3/4	440	193	452	203	default
45735K631	462	194	516	203	default
37.86	531	193	557	203	default
11/2	409	203	426	213	default
.1	431	203	440	213	default
45735K632	462	203	516	213	default
35.68	531	203	557	213	default
2	409	216	415	225	default
1	435	216	440	225	default
45735K633	462	216	516	225	default
54.40	531	216	557	225	default
2	409	225	415	235	default
11/2	435	225	452	235	default
45735K634	462	225	516	235	default
29.60	531	225	557	235	default
21/2	409	235	426	245	default
.2	431	235	440	245	default
45735K635	462	235	516	245	default
58.76	531	235	557	245	default
3	409	248	415	257	default
11/2	435	248	452	257	default
45735K636	462	248	516	257	default
69.64	531	248	557	257	default
3	409	257	415	267	default
2	435	257	440	267	default
45735K637	462	257	516	267	default
54.40	531	257	557	267	default
3	409	267	415	277	default
21/2	435	267	452	277	default
45735K638	462	267	516	277	default
58.76	531	267	557	277	default
4	409	280	415	289	default
2	435	280	440	289	default
45735K639	462	280	516	289	default
108.80	525	280	557	289	default
4	409	289	415	299	default
21/2	435	289	452	299	default
45735K641	462	289	516	299	default
128.38	525	289	557	299	default
4	409	299	415	309	default
3	435	299	440	309	default
45735K642	462	299	516	309	default
54.40	531	299	557	309	default
6	409	309	415	318	default
4	435	309	440	318	default
45735K643	462	309	516	319	default
113.16	525	309	557	318	default
Pipe	575	153	596	163	default
Size	599	153	618	163	default
(A)	575	161	587	171	default
(B)	606	161	619	171	default
316/316L	575	174	620	184	default
Stainless	623	174	668	184	default
Steel	671	174	696	184	default
1	580	184	586	193	default
1/2	612	184	623	193	default
43645K488	634	184	687	194	default
$54.40	697	184	729	193	default
1	580	193	586	203	default
3/4	612	193	623	203	default
43645K489	634	194	687	203	default
50.04	703	193	729	203	default
11/2	580	203	597	213	default
.1	602	203	612	213	default
43645K491	634	203	687	213	default
50.04	703	203	729	213	default
2	580	216	586	225	default
1	606	216	612	225	default
43645K492	634	216	687	225	default
71.80	703	216	729	225	default
2	580	225	586	235	default
11/2	606	225	623	235	default
43645K493	634	225	687	235	default
37.00	703	225	729	235	default
21/2	580	235	597	245	default
.2	602	235	612	245	default
43645K494	634	235	687	245	default
71.80	703	235	729	245	default
3	580	248	586	257	default
11/2	606	248	623	257	default
43645K495	634	248	687	257	default
93.56	703	248	729	257	default
3	580	257	586	267	default
2	606	257	612	267	default
43645K496	634	257	687	267	default
71.80	703	257	729	267	default
3	580	267	586	277	default
21/2	606	267	623	277	default
43645K497	634	267	687	277	default
76.16	703	267	729	277	default
4	580	280	586	289	default
2	606	280	612	289	default
43645K498	634	280	687	289	default
141.44	697	280	729	289	default
4	580	289	586	299	default
21/2	606	289	623	299	default
43645K499	634	289	687	299	default
169.72	697	289	729	299	default
4	580	299	586	309	default
3	606	299	612	309	default
43645K611	634	299	687	309	default
71.80	703	299	729	309	default
6	580	309	586	318	default
4	606	309	612	318	default
43645K612	634	309	687	319	default
152.32	697	309	729	318	default
Offset	527	144	557	154	default
Straights	560	144	605	154	default
A	517	128	523	137	default
B	572	117	578	126	default
A	517	128	523	137	default
B	572	117	578	126	default
A	183	129	189	137	default
A	254	109	259	117	default
B	218	89	224	97	default
Inline	197	144	224	154	default
Tees	227	144	249	154	default
(Continued)	568	59	634	70	default
##LTFigure##	374	345	428	373	default
##LTFigure##	623	588	730	624	default
##LTFigure##	522	112	582	146	default
##LTFigure##	522	129	523	135	default
##LTFigure##	572	117	579	124	default
##LTFigure##	191	97	269	148	default
