28	32	960	52	973	default
Stainless	72	29	167	48	default
Steel	173	29	227	48	default
Pipe	233	29	279	48	default
Fittings	286	29	364	48	default
(Continued	281	943	344	954	default
on	347	943	362	954	default
following	365	943	417	954	default
page)	420	943	452	954	default
With	43	233	63	243	default
the	66	233	81	243	default
strength	83	233	121	243	default
to	124	233	133	243	default
handle	135	233	166	243	default
extreme	169	233	206	243	default
pressures,	209	233	257	243	default
these	259	233	285	243	default
fittings	287	233	318	243	default
can	321	233	338	243	default
be	340	233	352	243	default
used	355	233	377	243	default
to	380	233	389	243	default
connect	392	233	429	243	default
equipment	432	233	481	243	default
in	483	233	491	243	default
hydraulic	494	233	536	243	default
fluid	539	233	558	243	default
lines	561	233	582	243	default
Fittings	587	233	621	243	default
are	624	233	638	243	default
316	641	233	658	243	default
stainless	660	233	701	243	default
steel	32	243	54	252	default
and	57	243	75	252	default
have	77	243	100	252	default
excellent	102	243	144	252	default
corrosion	147	243	190	252	default
resistance	193	243	241	252	default
NPTF	246	243	273	252	default
(Dryseal)	276	243	316	252	default
threads	319	243	354	252	default
are	357	243	371	252	default
compatible	374	243	426	252	default
with	429	243	448	252	default
NPT	451	243	471	252	default
threads	474	243	509	252	default
Extreme-Pressure	32	216	182	231	default
Stainless	187	216	262	231	default
Steel	268	216	310	231	default
Threaded	315	216	393	231	default
Pipe	398	216	435	231	default
Fittings	440	216	502	231	default
(Continued)	508	218	575	229	default
Thread	106	297	139	307	default
Size	106	307	126	317	default
Drive	187	297	211	307	default
Size,	187	307	209	317	default
mm	212	307	230	317	default
M10	106	320	127	329	default
2	127	321	136	329	default
1	136	320	142	329	default
14	187	320	198	329	default
4822T276	282	320	329	329	default
$20.44	361	320	393	329	default
M12	106	329	127	339	default
2	127	331	136	339	default
1.5	136	329	150	339	default
17	187	329	198	339	default
4822T277	282	329	329	339	default
21.75	367	329	393	339	default
M14	106	339	127	349	default
2	127	341	136	349	default
1.5	136	339	150	349	default
19	187	339	198	349	default
4822T278	282	339	329	349	default
23.10	367	339	393	349	default
M16	106	349	127	359	default
2	127	351	136	358	default
1.5	136	349	150	359	default
22	187	349	198	359	default
4822T279	282	349	329	359	default
27.08	367	349	393	359	default
M18	106	359	127	368	default
2	127	360	136	368	default
1.5	136	359	150	368	default
24	187	359	198	368	default
4822T281	282	359	329	368	default
28.87	367	359	393	368	default
Thread	414	297	446	307	default
Size	414	307	434	317	default
Drive	494	297	518	307	default
Size,	494	307	517	317	default
mm	520	307	537	317	default
M20	414	320	435	329	default
2	435	321	443	329	default
1.5	443	320	458	329	default
26	494	320	506	329	default
4822T282	589	320	636	329	default
$31.04	669	320	701	329	default
M22	414	329	435	339	default
2	435	331	443	339	default
1.5	443	329	458	339	default
27	494	329	506	339	default
4822T283	589	329	636	339	default
37.42	675	329	701	339	default
M26	414	339	435	349	default
2	435	341	443	349	default
1.5	443	339	458	349	default
32	494	339	506	349	default
4822T284	589	339	636	349	default
49.90	675	339	701	349	default
M27	414	349	435	359	default
2	435	351	443	358	default
2	443	349	449	359	default
32	494	349	506	359	default
4822T285	589	349	636	359	default
53.56	675	349	701	359	default
M33	414	359	435	368	default
2	435	360	443	368	default
2	443	359	449	368	default
40	494	359	506	368	default
4822T286	589	359	636	368	default
80.48	675	359	701	368	default
•	109	282	114	290	default
Maximum	117	281	163	290	default
Pressure:	166	281	209	290	default
5,800	212	281	238	290	default
psi	241	281	255	290	default
@	257	281	266	290	default
72°	269	281	284	290	default
F	286	281	292	290	default
Plugs	319	271	345	281	default
have	348	271	370	281	default
a	373	271	378	281	default
fluoroelastomer	381	271	453	281	default
gasket	456	271	487	281	default
to	490	271	499	281	default
prevent	502	271	537	281	default
leaks	540	271	564	281	default
They	569	271	592	281	default
are	595	271	609	281	default
solid	612	271	634	281	default
and	637	271	654	281	default
meet	657	271	680	281	default
DIN	683	271	701	281	default
7631	308	281	332	290	default
and	334	281	352	290	default
ISO	355	281	372	290	default
9974	375	281	398	290	default
•	109	273	114	280	default
Use	117	271	135	281	default
with	138	271	157	281	default
hydraulic	160	271	202	281	default
fluid,	205	271	228	281	default
oil,	231	271	244	281	default
and	247	271	265	281	default
water	267	271	293	281	default
Metric	32	259	64	269	default
Plugs	67	259	95	269	default
with	97	259	118	269	default
Hex	121	259	141	269	default
Drive	143	259	169	269	default
Pipe	106	430	127	440	default
Size	106	440	126	450	default
Thread	187	430	219	440	default
Size	187	440	206	450	default
1/4	106	452	118	462	default
9/160-18	192	452	228	463	default
51205K721	282	453	335	462	default
$54.55	361	452	393	462	default
1/4	106	462	118	472	default
3/40-16	192	462	223	472	default
51205K726	282	462	335	472	default
67.71	367	462	393	472	default
1/4	106	472	118	482	default
11/80-12	187	472	223	482	default
51205K729	282	472	335	482	default
87.00	367	472	393	482	default
3/8	106	481	118	491	default
9/160-18	192	481	228	492	default
51205K722	282	482	335	491	default
65.86	367	482	393	491	default
3/8	106	491	118	501	default
3/40-16	192	491	223	502	default
51205K727	282	491	335	501	default
74.48	367	491	393	501	default
Pipe	414	430	435	440	default
Size	414	440	434	450	default
Thread	494	430	526	440	default
Size	494	440	514	450	default
3/8	414	452	425	462	default
11/80-12	494	452	531	463	default
51205K725	589	453	643	462	default
$95.05	669	452	701	462	default
1/2	414	462	425	472	default
9/160-18	500	462	535	472	default
51205K723	589	462	643	472	default
69.33	675	462	701	472	default
1/2	414	472	425	482	default
3/40-16	500	472	531	482	default
51205K724	589	472	643	482	default
76.43	675	472	701	482	default
1/2	414	481	425	491	default
11/80-12	494	481	531	492	default
51205K731	589	482	643	491	default
95.71	675	482	701	491	default
•	109	406	114	414	default
Maximum	117	405	163	414	default
Pressure:	166	405	209	414	default
15,000	212	405	244	414	default
psi	247	405	260	414	default
@	263	405	272	414	default
72°	274	405	290	414	default
F	291	405	297	414	default
Thread	32	383	67	393	default
Adapters,	70	383	118	393	default
Female	121	383	157	393	default
•	109	396	114	404	default
Use	117	395	135	405	default
with	138	395	157	405	default
hydraulic	160	395	202	405	default
fluid,	205	395	228	405	default
oil,	231	395	244	405	default
and	247	395	265	405	default
water	267	395	293	405	default
BSPP	319	527	347	536	default
and	350	527	367	536	default
metric	370	527	401	536	default
threads	404	527	439	536	default
have	442	527	464	536	default
a	467	527	472	536	default
Buna-N	475	527	511	536	default
gasket	513	527	544	536	default
and	547	527	565	536	default
316	567	527	585	536	default
stainless	587	527	628	536	default
steel	631	527	652	536	default
washer	655	527	689	536	default
to	691	527	701	536	default
prevent	308	536	344	546	default
leaks	347	536	371	546	default
For	378	536	393	546	default
replacement	396	536	455	546	default
washers	458	536	497	546	default
see	500	536	517	546	default
page	520	536	544	546	default
31	547	536	559	546	default
UN/UNF	565	536	606	546	default
(SAE)	609	536	636	546	default
threads	640	536	675	546	default
have	678	536	701	546	default
a	308	546	314	556	default
Buna-N	317	546	353	556	default
gasket	356	546	387	556	default
to	390	546	399	556	default
prevent	402	546	437	556	default
leaks,	439	546	466	556	default
unless	469	546	499	556	default
noted	502	546	529	556	default
Also	535	546	555	556	default
known	558	546	588	556	default
as	591	546	602	556	default
O-ring	605	546	635	556	default
boss	637	546	660	556	default
threads	663	546	698	556	default
Thread	32	515	67	525	default
Adapters,	70	515	118	525	default
Male	121	515	145	525	default
Pipe	106	656	127	665	default
Size	106	665	126	675	default
Max	187	656	207	665	default
psi	212	656	226	665	default
@	187	665	195	675	default
72°	198	665	214	675	default
F	215	665	221	675	default
1/8	106	678	118	688	default
6,000	187	678	213	688	default
4822T21	282	678	323	688	default
$25.86	361	678	393	688	default
1/4	106	688	118	697	default
6,000	187	688	213	697	default
4822T22	282	688	323	697	default
23.47	367	688	393	697	default
3/8	106	697	118	707	default
6,000	187	697	213	707	default
4822T23	282	697	323	707	default
26.79	367	697	393	707	default
1/2	106	707	118	717	default
5,000	187	707	213	717	default
4822T24	282	707	323	717	default
34.19	367	707	393	717	default
3/4	106	717	118	727	default
4,500	187	717	213	727	default
4822T65	282	717	323	727	default
47.71	367	717	393	727	default
Pipe	414	656	435	665	default
Size	414	665	434	675	default
Max	494	656	514	665	default
psi	520	656	534	665	default
@	494	665	502	675	default
72°	505	665	521	675	default
F	522	665	528	675	default
1	414	678	420	688	default
3,500	494	678	520	688	default
4822T66	589	678	630	688	default
$67.71	669	678	701	688	default
11/4	414	688	431	697	default
.2,500	490	688	520	697	default
4822T225	589	688	636	697	default
115.75	669	688	701	697	default
11/2	414	697	431	707	default
.2,000	490	697	520	707	default
4822T229	589	697	636	707	default
168.12	669	697	701	707	default
2	414	707	420	717	default
2,000	494	707	520	717	default
4822T233	589	707	636	717	default
229.47	669	707	701	717	default
NPT	375	646	396	656	default
@	396	648	404	655	default
BSPP	405	646	433	656	default
•	109	528	114	536	default
Use	117	527	135	536	default
with	138	527	157	536	default
hydraulic	160	527	202	536	default
fluid	205	527	225	536	default
(petroleum	228	527	277	536	default
base),	117	536	145	546	default
oil,	148	536	161	546	default
and	164	536	182	546	default
water	185	536	210	546	default
(unless	213	536	246	546	default
noted)	249	536	278	546	default
•	109	549	114	557	default
Maximum	117	547	163	557	default
Pressure:	166	547	209	557	default
See	212	547	230	557	default
table	233	547	256	557	default
Pipe	106	579	127	589	default
Size	106	589	126	599	default
Max	187	579	207	589	default
psi	212	579	226	589	default
@	187	589	195	599	default
72°	198	589	214	599	default
F	215	589	221	599	default
1/4	106	601	118	611	default
6,000	187	602	213	611	default
4822T234	282	602	329	611	default
$27.35	361	602	393	611	default
3/8	106	611	118	621	default
5,500	187	611	213	621	default
4822T235	282	611	329	621	default
25.62	367	611	393	621	default
1/2	106	621	118	631	default
4,500	187	621	213	631	default
4822T236	282	621	329	631	default
30.27	367	621	393	631	default
Pipe	414	579	435	589	default
Size	414	589	434	599	default
Max	494	579	514	589	default
psi	520	579	534	589	default
@	494	589	502	599	default
72°	505	589	521	599	default
F	522	589	528	599	default
3/4	420	601	431	611	default
.3,500	490	601	520	611	default
4822T237	589	602	636	611	default
$57.83	669	602	701	611	default
1	414	611	420	621	default
3,000	494	611	520	621	default
4822T238	589	611	636	621	default
77.92	675	611	701	621	default
NPT	375	570	396	579	default
@	396	571	404	579	default
BSPT	404	570	432	579	default
Pipe	106	752	127	761	default
Size	106	761	126	771	default
Thread	154	752	186	761	default
Size	154	761	174	771	default
Max	224	752	244	761	default
psi	250	752	263	761	default
@	224	761	232	771	default
72°	235	761	251	771	default
F	252	761	258	771	default
1/8	106	774	118	784	default
7/160-20	154	774	190	784	default
6,000	224	774	250	784	default
51205K521'	282	774	344	784	default
$29.57	361	774	393	784	default
1/4	106	783	118	793	default
1/20-20	154	783	185	794	default
6,000	224	784	250	793	default
51205K522'	282	784	344	793	default
30.75	367	784	393	793	default
1/4	106	793	118	803	default
9/160-18	154	793	190	803	default
6,000	224	793	250	803	default
51205K256l	282	793	344	803	default
68.12	367	793	393	803	default
3/8	106	803	118	813	default
9/160-18	154	803	190	813	default
6,000	224	803	250	813	default
51205K257l	282	803	344	813	default
42.87	367	803	393	813	default
3/8	106	813	118	822	default
3/40-16	154	812	185	823	default
6,000	224	813	250	822	default
51205K258l	282	813	344	822	default
97.87	367	813	393	822	default
1/2	106	822	118	832	default
3/40-16	154	822	185	833	default
6,000	224	822	250	832	default
51205K259l	282	822	344	832	default
43.23	367	822	393	832	default
Pipe	414	752	435	761	default
Size	414	761	434	771	default
Thread	461	752	494	761	default
Size	461	761	481	771	default
Max	531	752	551	761	default
psi	557	752	571	761	default
@	531	761	540	771	default
72°	542	761	558	771	default
F	559	761	565	771	default
1/2	420	774	431	784	default
7/80-14	467	774	498	784	default
5,400	531	774	557	784	default
51205K523'	589	774	652	784	default
$36.62	669	774	701	784	default
3/4	420	783	431	793	default
11/160-12	461	783	503	794	default
6,000	531	784	557	793	default
51205K262l	589	784	652	793	default
105.33	669	784	701	793	default
3/4	420	793	431	803	default
15/160-12	461	793	503	803	default
3,600	531	793	557	803	default
51205K524'	589	793	652	803	default
49.49	675	793	701	803	default
1	414	803	420	813	default
15/160-12	461	803	503	813	default
5,400	531	803	557	813	default
51205K263l	589	803	652	813	default
90.27	675	803	701	813	default
11/4	414	813	431	822	default
15/80-12	461	812	498	823	default
3,000	531	813	557	822	default
51205K525'	589	813	652	822	default
166.43	669	813	701	822	default
11/4	414	822	431	832	default
17/80-12	461	822	498	833	default
2,400	531	822	557	832	default
51205K526'	589	822	652	832	default
177.98	669	822	701	832	default
l	355	833	364	841	default
Gasket	366	832	399	842	default
is	402	832	409	842	default
fluoroelastomer	412	832	484	842	default
'	106	833	115	841	default
Also	117	832	138	842	default
for	140	832	153	842	default
use	156	832	172	842	default
with	175	832	195	842	default
steam	197	832	226	842	default
Rated	232	832	259	842	default
for	262	832	275	842	default
steam	278	832	306	842	default
@	309	832	318	842	default
200°	320	832	342	842	default
F	343	832	349	842	default
NPTF	351	742	378	752	default
@	378	744	386	751	default
UN/UNF	387	742	427	752	default
(SAE)	430	742	457	752	default
Pipe	106	867	127	877	default
Size	106	877	126	886	default
Max	187	867	207	877	default
psi	212	867	226	877	default
@	187	877	195	886	default
72°	198	877	214	886	default
F	215	877	221	886	default
1/8	106	889	118	899	default
2,900	187	889	213	899	default
4822T125	282	889	329	899	default
$25.71	361	889	393	899	default
1/4	106	899	118	909	default
2,900	187	899	213	909	default
4822T128	282	899	329	909	default
32.33	367	899	393	909	default
3/8	106	908	118	918	default
2,900	187	909	213	918	default
4822T134	282	909	329	918	default
34.42	367	909	393	918	default
1/2	106	918	118	928	default
2,900	187	918	213	928	default
4822T139	282	918	329	928	default
47.38	367	918	393	928	default
3/4	106	928	118	938	default
2,900	187	928	213	938	default
4822T146	282	928	329	938	default
58.88	367	928	393	938	default
Pipe	414	867	435	877	default
Size	414	877	434	886	default
Max	494	867	514	877	default
psi	520	867	534	877	default
@	494	877	502	886	default
72°	505	877	521	886	default
F	522	877	528	886	default
1	414	889	420	899	default
2,900	494	889	520	899	default
4822T151	589	889	636	899	default
$77.67	669	889	701	899	default
11/4	414	899	431	909	default
.2,300	490	899	520	909	default
4822T155	589	899	636	909	default
115.75	669	899	701	909	default
11/2	414	908	431	918	default
.1,800	490	908	520	918	default
4822T159	589	909	636	918	default
137.96	669	909	701	918	default
2	414	918	420	928	default
1,200	494	918	520	928	default
4822T163	589	918	636	928	default
218.00	669	918	701	928	default
BSPP	371	857	399	867	default
@	400	859	408	867	default
BSPT	408	857	436	867	default
Pipe	53	70	74	79	default
size	76	70	94	79	default
is	97	70	105	79	default
not	107	70	122	79	default
an	125	70	136	79	default
actual	139	70	167	79	default
measured	170	70	216	79	default
size,	218	70	239	79	default
but	242	70	257	79	default
rather	260	70	287	79	default
an	290	70	301	79	default
industry	304	70	341	79	default
designation	343	70	397	79	default
Align	403	70	426	79	default
your	429	70	449	79	default
pipe	452	70	472	79	default
or	475	70	484	79	default
fitting	487	70	513	79	default
with	515	70	535	79	default
the	537	70	552	79	default
“0”	554	70	569	79	default
line	572	70	588	79	default
as	590	70	601	79	default
shown	604	70	634	79	default
The	640	70	657	79	default
line	660	70	676	79	default
on	679	70	690	79	default
the	43	79	57	89	default
opposite	60	79	101	89	default
edge	103	79	127	89	default
gives	129	79	154	89	default
the	156	79	171	89	default
pipe	174	79	194	89	default
size	197	79	215	89	default
You	220	79	238	89	default
can	240	79	257	89	default
also	260	79	279	89	default
measure	282	79	322	89	default
the	324	79	339	89	default
OD	342	79	357	89	default
of	360	79	369	89	default
male	372	79	394	89	default
threads	397	79	431	89	default
or	434	79	444	89	default
the	446	79	461	89	default
ID	464	79	474	89	default
of	476	79	485	89	default
female	488	79	519	89	default
threads,	522	79	560	89	default
then	562	79	583	89	default
find	586	79	603	89	default
the	606	79	620	89	default
corresponding	623	79	690	89	default
pipe	43	89	63	99	default
size	66	89	84	99	default
in	87	89	95	99	default
the	98	89	112	99	default
chart	115	89	139	99	default
If	145	89	150	99	default
your	153	89	174	99	default
measurement	177	89	240	99	default
doesn’t	243	89	278	99	default
match	280	89	310	99	default
an	312	89	324	99	default
OD	327	89	342	99	default
or	345	89	354	99	default
ID	357	89	367	99	default
listed,	370	89	398	99	default
round	401	89	428	99	default
to	431	89	440	99	default
the	443	89	457	99	default
nearest	460	89	494	99	default
1/80	497	89	513	99	default
How	43	59	65	69	default
to	68	59	78	69	default
Measure	81	59	124	69	default
Pipe	127	59	149	69	default
Size	152	59	172	69	default
for	175	59	189	69	default
NPT	192	59	213	69	default
or	216	59	226	69	default
BSP	229	59	250	69	default
Threads—Example	253	59	344	69	default
shows	347	59	377	69	default
pipe	380	59	400	69	default
size	403	59	421	69	default
3/8	424	59	435	69	default
To	58	184	69	194	default
measure	72	184	112	194	default
larger	115	184	141	194	default
pipe	144	184	164	194	default
sizes,	167	184	193	194	default
go	196	184	208	194	default
to	211	184	220	194	default
mcmaster	223	184	269	194	default
com	271	184	292	194	default
and	295	184	312	194	default
search	315	184	346	194	default
for	349	184	361	194	default
4464KAC	364	184	410	194	default
For	415	184	431	194	default
information	434	184	486	194	default
about	489	184	516	194	default
fittings	519	184	550	194	default
and	553	184	570	194	default
pipe,	573	184	596	194	default
see	599	184	616	194	default
pages	618	184	647	194	default
2-3	650	184	665	194	default
Pipe	392	156	415	166	default
Size:ID:	418	156	442	178	default
0	447	168	453	178	default
1	543	168	548	178	default
38	480	166	488	177	default
1	465	166	469	173	default
4	470	170	474	177	default
12	493	166	502	177	default
34	521	166	530	177	default
34	634	166	644	177	default
1	604	168	609	178	default
114	566	166	580	178	default
1	629	168	635	178	default
58	507	166	516	177	default
58	609	166	618	177	default
˝	642	166	645	177	default
˝	617	166	619	177	default
˝	579	166	581	177	default
˝	529	166	531	177	default
˝	515	166	517	177	default
˝	500	166	503	177	default
˝	487	166	489	177	default
˝	472	166	475	177	default
˝	548	167	551	178	default
0	446	156	452	166	default
1	571	156	576	166	default
18	480	154	489	165	default
116	464	154	477	165	default
14	493	154	502	165	default
12	521	154	530	165	default
34	542	154	551	165	default
114	604	154	617	166	default
112	629	154	643	166	default
38	507	154	516	165	default
Pipe	73	156	95	166	default
Size:OD:	98	156	123	177	default
0	128	156	133	166	default
0	128	168	133	178	default
1	263	156	269	166	default
1	296	156	302	166	default
1	325	156	331	166	default
1	238	168	244	177	default
1838	168	155	177	177	default
1161	153	155	166	173	default
4	158	170	162	177	default
14	181	155	190	166	default
14	302	155	311	166	default
12	181	166	190	177	default
12	213	155	222	166	default
12	330	155	339	166	default
34	213	166	222	177	default
34	236	155	245	166	default
114	259	166	272	178	default
3858	195	155	204	177	default
˝	272	166	274	177	default
1	297	168	303	178	default
˝	221	166	223	177	default
34˝	330	166	341	177	default
˝	203	166	205	177	default
58˝	303	166	313	177	default
1	324	168	330	178	default
˝	188	166	191	177	default
˝	176	166	179	177	default
˝	161	166	164	177	default
˝	243	166	246	178	default
NPT	354	421	375	430	default
@	375	422	383	430	default
UN/UNF	384	421	424	430	default
(SAE)	427	421	454	430	default
UN/UNF	377	395	418	405	default
(SAE)	421	395	447	405	default
threads	450	395	485	405	default
are	488	395	502	405	default
also	505	395	524	405	default
known	527	395	558	405	default
as	561	395	572	405	default
O-ring	575	395	604	405	default
boss	607	395	629	405	default
threads	632	395	667	405	default
##LTFigure##	32	273	68	299	default
##LTFigure##	32	397	83	428	default
##LTFigure##	32	529	80	554	default
##LTFigure##	438	104	522	141	default
##LTFigure##	130	104	201	145	default
