46	32	960	52	973	default
Brass	72	29	131	48	default
and	138	29	176	48	default
Bronze	183	29	257	48	default
Pipe	263	29	309	48	default
Fittings	316	29	394	48	default
&	400	29	415	48	default
Flanges	422	29	502	48	default
Pipe	53	70	74	79	default
size	76	70	94	79	default
is	97	70	105	79	default
not	107	70	122	79	default
an	125	70	136	79	default
actual	139	70	167	79	default
measured	170	70	216	79	default
size,	218	70	239	79	default
but	242	70	257	79	default
rather	260	70	287	79	default
an	290	70	301	79	default
industry	304	70	341	79	default
designation	343	70	397	79	default
Align	403	70	426	79	default
your	429	70	449	79	default
pipe	452	70	472	79	default
or	475	70	484	79	default
fitting	487	70	513	79	default
with	515	70	535	79	default
the	537	70	552	79	default
“0”	554	70	569	79	default
line	572	70	588	79	default
as	590	70	601	79	default
shown	604	70	634	79	default
The	640	70	657	79	default
line	660	70	676	79	default
on	679	70	690	79	default
the	43	79	57	89	default
opposite	60	79	101	89	default
edge	103	79	127	89	default
gives	129	79	154	89	default
the	156	79	171	89	default
pipe	174	79	194	89	default
size	197	79	215	89	default
You	220	79	238	89	default
can	240	79	257	89	default
also	260	79	279	89	default
measure	282	79	322	89	default
the	324	79	339	89	default
OD	342	79	357	89	default
of	360	79	369	89	default
male	372	79	394	89	default
threads	397	79	431	89	default
or	434	79	444	89	default
the	446	79	461	89	default
ID	464	79	474	89	default
of	476	79	485	89	default
female	488	79	519	89	default
threads,	522	79	560	89	default
then	562	79	583	89	default
find	586	79	603	89	default
the	606	79	620	89	default
corresponding	623	79	690	89	default
pipe	43	89	63	99	default
size	66	89	84	99	default
in	87	89	95	99	default
the	98	89	112	99	default
chart	115	89	139	99	default
If	145	89	150	99	default
your	153	89	174	99	default
measurement	177	89	240	99	default
doesn’t	243	89	278	99	default
match	280	89	310	99	default
an	312	89	324	99	default
OD	327	89	342	99	default
or	345	89	354	99	default
ID	357	89	367	99	default
listed,	370	89	398	99	default
round	401	89	428	99	default
to	431	89	440	99	default
the	443	89	457	99	default
nearest	460	89	494	99	default
1/80	497	89	513	99	default
How	43	59	65	69	default
to	68	59	78	69	default
Measure	81	59	124	69	default
Pipe	127	59	149	69	default
Size	152	59	172	69	default
for	175	59	189	69	default
NPT	192	59	213	69	default
or	216	59	226	69	default
BSP	229	59	250	69	default
Threads—Example	253	59	344	69	default
shows	347	59	377	69	default
pipe	380	59	400	69	default
size	403	59	421	69	default
3/8	424	59	435	69	default
To	58	184	69	194	default
measure	72	184	112	194	default
larger	115	184	141	194	default
pipe	144	184	164	194	default
sizes,	167	184	193	194	default
go	196	184	208	194	default
to	211	184	220	194	default
mcmaster	223	184	269	194	default
com	271	184	292	194	default
and	295	184	312	194	default
search	315	184	346	194	default
for	349	184	361	194	default
4464KAC	364	184	410	194	default
For	415	184	431	194	default
information	434	184	486	194	default
about	489	184	516	194	default
fittings	519	184	550	194	default
and	553	184	570	194	default
pipe,	573	184	596	194	default
see	599	184	616	194	default
pages	618	184	647	194	default
2-3	650	184	665	194	default
Pipe	392	156	415	166	default
Size:ID:	418	156	442	178	default
0	447	168	453	178	default
1	543	168	548	178	default
38	480	166	488	177	default
1	465	166	469	173	default
4	470	170	474	177	default
12	493	166	502	177	default
34	521	166	530	177	default
34	634	166	644	177	default
1	604	168	609	178	default
114	566	166	580	178	default
1	629	168	635	178	default
58	507	166	516	177	default
58	609	166	618	177	default
˝	642	166	645	177	default
˝	617	166	619	177	default
˝	579	166	581	177	default
˝	529	166	531	177	default
˝	515	166	517	177	default
˝	500	166	503	177	default
˝	487	166	489	177	default
˝	472	166	475	177	default
˝	548	167	551	178	default
0	446	156	452	166	default
1	571	156	576	166	default
18	480	154	489	165	default
116	464	154	477	165	default
14	493	154	502	165	default
12	521	154	530	165	default
34	542	154	551	165	default
114	604	154	617	166	default
112	629	154	643	166	default
38	507	154	516	165	default
Pipe	73	156	95	166	default
Size:OD:	98	156	123	177	default
0	128	156	133	166	default
0	128	168	133	178	default
1	263	156	269	166	default
1	296	156	302	166	default
1	325	156	331	166	default
1	238	168	244	177	default
1838	168	155	177	177	default
1161	153	155	166	173	default
4	158	170	162	177	default
14	181	155	190	166	default
14	302	155	311	166	default
12	181	166	190	177	default
12	213	155	222	166	default
12	330	155	339	166	default
34	213	166	222	177	default
34	236	155	245	166	default
114	259	166	272	178	default
3858	195	155	204	177	default
˝	272	166	274	177	default
1	297	168	303	178	default
˝	221	166	223	177	default
34˝	330	166	341	177	default
˝	203	166	205	177	default
58˝	303	166	313	177	default
1	324	168	330	178	default
˝	188	166	191	177	default
˝	176	166	179	177	default
˝	161	166	164	177	default
˝	243	166	246	178	default
•	35	244	39	252	default
Maximum	43	243	88	252	default
Pressure:	91	243	135	252	default
200	138	243	155	252	default
psi	158	243	172	252	default
@	175	243	183	252	default
72°	186	243	201	252	default
F;	203	243	212	252	default
125	43	252	60	262	default
psi	63	252	76	262	default
@	79	252	88	262	default
400°	91	252	112	262	default
F	113	252	119	262	default
for	122	252	135	262	default
steam	138	252	166	262	default
•	35	264	39	271	default
Pipe	43	262	63	272	default
Nipples	66	262	101	272	default
and	104	262	122	272	default
Pipe:	125	262	148	272	default
Use	151	262	170	272	default
threaded	173	262	214	272	default
Schedule	217	262	260	272	default
40	263	262	275	272	default
standard-wall	43	272	106	281	default
brass	109	272	134	281	default
(see	137	272	156	281	default
page	159	272	182	281	default
47-48)	185	272	215	281	default
•	35	283	39	291	default
Flanges:	43	281	82	291	default
Use	85	281	103	291	default
threaded	106	281	147	291	default
Class	150	281	176	291	default
150	179	281	196	291	default
low-pressure	199	281	259	291	default
bronze	43	291	74	301	default
(see	77	291	96	301	default
below)	99	291	130	301	default
•	35	234	39	242	default
Use	43	233	61	243	default
with	64	233	83	243	default
air,	86	233	99	243	default
natural	102	233	134	243	default
gas,	137	233	156	243	default
oil,	159	233	173	243	default
steam,	176	233	207	243	default
water	210	233	236	243	default
British	32	216	86	231	default
Standard	92	216	167	231	default
Low-Pressure	172	216	286	231	default
Bronze	291	216	349	231	default
Threaded	354	216	433	231	default
Pipe	438	216	474	231	default
Fittings	479	216	541	231	default
BSPT	32	309	60	319	default
(British	62	309	98	319	default
Standard	101	309	146	319	default
Pipe	148	309	170	319	default
Taper)	173	309	204	319	default
Connectors	207	309	265	319	default
and	268	309	286	319	default
Caps	289	309	315	319	default
Unions	43	321	77	331	default
separate	80	321	121	331	default
into	123	321	141	331	default
three	144	321	167	331	default
pieces	170	321	200	331	default
so	203	321	215	331	default
you	217	321	234	331	default
can	237	321	254	331	default
access	257	321	290	331	default
your	293	321	313	331	default
line	316	321	332	331	default
without	335	321	369	331	default
unthreading	372	321	427	331	default
pipe	430	321	450	331	default
connections	453	321	510	331	default
Pipe	32	369	53	379	default
Size,	56	369	78	379	default
BSPT	32	379	59	389	default
90°	100	379	116	389	default
Elbows	118	379	155	389	default
45°	205	379	221	389	default
Elbows	224	379	260	389	default
Tees	325	379	348	389	default
Straights	418	379	463	389	default
Unions	530	379	565	389	default
Caps	642	379	667	389	default
1/8	38	391	49	401	default
4978K101	80	392	128	401	default
$7.06	149	391	175	401	default
4978K111	187	392	235	401	default
$7.81	253	391	279	401	default
4978K121	291	392	339	401	default
$9.87	357	391	383	401	default
4978K131	395	392	443	401	default
$7.06	461	391	487	401	default
4978K161	499	392	547	401	default
$25.12	565	391	597	401	default
4978K141	609	392	656	401	default
$5.26	675	391	701	401	default
1/4	38	401	49	411	default
4978K102	80	401	128	411	default
7.06	155	401	175	411	default
4978K112	187	401	235	411	default
7.81	259	401	279	411	default
4978K122	291	401	339	411	default
9.87	362	401	383	411	default
4978K132	395	401	443	411	default
7.06	466	401	487	411	default
4978K162	499	401	547	411	default
25.12	571	401	597	411	default
4978K142	609	401	656	411	default
5.26	680	401	701	411	default
3/8	38	411	49	421	default
4978K103	80	411	128	421	default
7.06	155	411	175	421	default
4978K113	187	411	235	421	default
7.81	259	411	279	421	default
4978K123	291	411	339	421	default
9.87	362	411	383	421	default
4978K133	395	411	443	421	default
7.06	466	411	487	421	default
4978K163	499	411	547	421	default
25.12	571	411	597	421	default
4978K143	609	411	656	421	default
5.26	680	411	701	421	default
1/2	38	421	49	430	default
4978K104	80	421	128	430	default
10.74	149	421	175	430	default
4978K114	187	421	235	430	default
9.87	259	421	279	430	default
4978K124	291	421	339	430	default
12.40	357	421	383	430	default
4978K134	395	421	443	430	default
8.90	466	421	487	430	default
4978K164	499	421	547	430	default
27.35	571	421	597	430	default
4978K144	609	421	656	430	default
7.06	680	421	701	430	default
3/4	38	430	49	440	default
4978K105	80	430	128	440	default
14.47	149	430	175	440	default
4978K115	187	430	235	440	default
14.47	253	430	279	440	default
4978K125	291	430	339	440	default
17.80	357	430	383	440	default
4978K135	395	430	443	440	default
11.71	461	430	487	440	default
4978K165	499	430	547	440	default
37.83	571	430	597	440	default
4978K145	609	430	656	440	default
9.38	680	430	701	440	default
1	32	440	38	450	default
4978K106	80	440	128	450	default
22.35	149	440	175	450	default
4978K116	187	440	235	450	default
24.50	253	440	279	450	default
4978K126	291	440	339	450	default
31.69	357	440	383	450	default
4978K136	395	440	443	450	default
17.80	461	440	487	450	default
4978K166	499	440	547	450	default
49.74	571	440	597	450	default
4978K146	609	440	656	450	default
14.60	675	440	701	450	default
11/4	32	450	49	460	default
4978K107	80	450	128	460	default
35.53	149	450	175	460	default
4978K117	187	450	235	460	default
39.14	253	450	279	460	default
4978K127	291	450	339	460	default
44.40	357	450	383	460	default
4978K137	395	450	443	460	default
27.83	461	450	487	460	default
4978K167	499	450	547	460	default
67.73	571	450	597	460	default
4978K147	609	450	656	460	default
22.30	675	450	701	460	default
11/2	32	459	49	469	default
4978K108	80	460	128	469	default
44.40	149	460	175	469	default
4978K118	187	460	235	469	default
49.05	253	460	279	469	default
4978K128	291	460	339	469	default
61.10	357	460	383	469	default
4978K138	395	460	443	469	default
37.83	461	460	487	469	default
4978K168	499	460	547	469	default
79.99	571	460	597	469	default
4978K148	609	460	656	469	default
30.11	675	460	701	469	default
2	32	469	38	479	default
4978K109	80	469	128	479	default
66.72	149	469	175	479	default
4978K119	187	469	235	479	default
73.44	253	469	279	479	default
4978K129	291	469	339	479	default
92.41	357	469	383	479	default
4978K139	395	469	443	479	default
57.46	461	469	487	479	default
4978K169	499	469	547	479	default
114.33	565	469	597	479	default
4978K149	609	469	656	479	default
51.07	675	469	701	479	default
Use	319	233	337	243	default
these	340	233	365	243	default
Class	368	233	393	243	default
125	396	233	413	243	default
fittings	416	233	447	243	default
in	449	233	457	243	default
low-pressure	460	233	520	243	default
flow	523	233	542	243	default
applications	544	233	600	243	default
They	606	233	628	243	default
have	631	233	653	243	default
good	656	233	680	243	default
cor-	682	233	701	243	default
rosion	308	243	337	252	default
resistance	340	243	387	252	default
Fittings	393	243	427	252	default
meet	431	243	454	252	default
ANSI/ASME	457	243	513	252	default
B16.15,	516	243	552	252	default
ASTM	555	243	584	252	default
B584,	587	243	614	252	default
and	617	243	635	252	default
BS21,	638	243	666	252	default
except	669	243	701	252	default
unions	308	252	339	262	default
only	342	252	361	262	default
meet	364	252	388	262	default
ASTM	391	252	419	262	default
B584	422	252	446	262	default
and	449	252	467	262	default
BS21	470	252	495	262	default
Bushings,	477	534	526	544	default
Male	529	534	553	544	default
@	553	536	561	544	default
Female	562	534	598	544	default
Pipe	381	547	402	557	default
Size,	405	547	427	557	default
BSPT	387	557	414	566	default
(A)	375	566	387	576	default
(B)	414	566	426	576	default
1/2	381	579	392	589	default
1/8	414	579	425	589	default
4978K171	447	579	495	589	default
$6.70	504	579	530	589	default
1/2	381	588	392	598	default
1/4	414	588	425	598	default
4978K172	447	589	495	598	default
5.61	510	589	530	598	default
1/2	381	598	392	608	default
3/8	414	598	425	608	default
4978K173	447	598	495	608	default
5.61	510	598	530	608	default
3/4	381	608	392	618	default
1/4	414	608	425	618	default
4978K174	447	608	495	618	default
9.38	510	608	530	618	default
3/4	381	618	392	627	default
3/8	414	618	425	627	default
4978K175	447	618	495	628	default
7.81	510	618	530	627	default
3/4	381	627	392	637	default
1/2	414	627	425	637	default
4978K176	447	628	495	637	default
7.81	510	627	530	637	default
1	375	637	381	647	default
1/2	414	637	425	647	default
4978K177	447	637	495	647	default
11.71	504	637	530	647	default
1	375	647	381	657	default
3/4	414	647	425	657	default
4978K178	447	647	495	657	default
11.71	504	647	530	657	default
11/4	375	656	392	666	default
3/4	414	656	425	666	default
4978K179	447	657	495	666	default
19.98	504	657	530	666	default
Pipe	552	547	573	557	default
Size,	576	547	598	557	default
BSPT	558	557	584	566	default
(A)	546	566	558	576	default
(B)	582	566	594	576	default
11/4	546	579	563	589	default
1	582	579	588	589	default
4978K181	611	579	659	589	default
$19.98	669	579	701	589	default
11/2	546	588	563	598	default
1/4	588	588	599	598	default
4978K182	611	589	659	598	default
31.21	675	589	701	598	default
11/2	546	598	563	608	default
1/2	588	598	599	608	default
4978K183	611	598	659	608	default
31.21	675	598	701	608	default
11/2	546	608	563	618	default
3/4	588	608	599	618	default
4978K184	611	608	659	618	default
31.21	675	608	701	618	default
11/2	546	618	563	627	default
1	582	618	588	627	default
4978K185	611	618	659	628	default
25.60	675	618	701	627	default
11/2	546	627	563	637	default
11/4	582	627	599	637	default
4978K186	611	628	659	637	default
25.60	675	627	701	637	default
2	546	637	552	647	default
1	582	637	588	647	default
4978K188	611	637	659	647	default
45.61	675	637	701	647	default
2	546	647	552	657	default
11/4	582	647	599	657	default
4978K189	611	647	659	657	default
37.83	675	647	701	657	default
2	546	657	552	666	default
11/2	582	656	599	666	default
4978K191	611	657	659	666	default
37.83	675	657	701	666	default
A	508	519	515	527	default
B	550	506	557	515	default
Pipe	40	547	60	557	default
Size,	63	547	85	557	default
BSPT	45	557	72	566	default
(A)	32	566	44	576	default
(B)	71	566	83	576	default
1/4	38	579	49	589	default
1/8	71	579	82	589	default
4978K211	103	579	151	589	default
$7.58	161	579	187	589	default
3/8	38	589	49	598	default
1/4	71	589	82	598	default
4978K212	103	589	151	598	default
7.58	166	589	187	598	default
1/2	38	598	49	608	default
1/8	71	598	82	608	default
4978K213	103	598	151	608	default
10.95	161	598	187	608	default
1/2	38	608	49	618	default
1/4	71	608	82	618	default
4978K214	103	608	151	618	default
9.51	166	608	187	618	default
1/2	38	618	49	628	default
3/8	71	618	82	628	default
4978K215	103	618	151	628	default
9.51	166	618	187	628	default
3/4	38	627	49	637	default
1/4	71	627	82	637	default
4978K216	103	628	151	637	default
15.64	161	628	187	637	default
3/4	38	637	49	647	default
3/8	71	637	82	647	default
4978K217	103	637	151	647	default
14.08	161	637	187	647	default
3/4	38	647	49	657	default
1/2	71	647	82	657	default
4978K218	103	647	151	657	default
14.08	161	647	187	657	default
1	32	657	38	666	default
1/2	71	657	82	666	default
4978K219	103	657	151	667	default
23.46	161	657	187	666	default
Pipe	209	547	230	557	default
Size,	233	547	255	557	default
BSPT	215	557	241	566	default
(A)	203	566	215	576	default
(B)	239	566	251	576	default
1	203	579	209	589	default
3/4	244	579	256	589	default
4978K221	268	579	316	589	default
$23.46	326	579	357	589	default
11/4	203	589	220	598	default
3/4	244	589	256	598	default
4978K222	268	589	316	598	default
37.83	331	589	357	598	default
11/4	203	598	220	608	default
.1	235	598	244	608	default
4978K223	268	598	316	608	default
37.83	331	598	357	608	default
11/2	203	608	220	618	default
3/4	244	608	256	618	default
4978K224	268	608	316	618	default
53.87	331	608	357	618	default
11/2	203	618	220	628	default
.1	235	618	244	628	default
4978K225	268	618	316	628	default
47.82	331	618	357	628	default
11/2	203	627	220	637	default
.11/4	235	627	256	637	default
4978K226	268	628	316	637	default
47.82	331	628	357	637	default
2	203	637	209	647	default
1	239	637	244	647	default
4978K227	268	637	316	647	default
73.92	331	637	357	647	default
2	203	647	209	657	default
11/4	239	647	256	657	default
4978K228	268	647	316	657	default
65.59	331	647	357	657	default
2	203	657	209	666	default
11/2	239	657	256	666	default
4978K229	268	657	316	667	default
65.59	331	657	357	666	default
Straights	172	535	217	544	default
BSPT	32	485	60	495	default
(British	62	485	98	495	default
Standard	101	485	146	495	default
Pipe	148	485	170	495	default
Taper)	173	485	204	495	default
Reducers	207	485	254	495	default
A	167	515	174	523	default
B	215	503	222	511	default
NPT	32	764	53	774	default
Flanges—Brass	56	764	132	774	default
Low-Pressure	32	679	146	695	default
Brass	151	679	198	695	default
and	203	679	233	695	default
Bronze	238	679	297	695	default
Threaded	302	679	380	695	default
Pipe	385	679	422	695	default
Flanges	427	679	490	695	default
•	35	777	39	785	default
Use	43	776	61	785	default
with	64	776	83	785	default
air,	86	776	99	785	default
drinking	102	776	139	785	default
water,	142	776	170	785	default
natural	173	776	205	785	default
gas,	207	776	227	785	default
oil	230	776	241	785	default
Flanges	43	818	80	828	default
meet	84	818	107	828	default
ANSI/ASME	111	818	168	828	default
B1.20.1	172	818	209	828	default
and	213	818	231	828	default
B16.24,	234	818	271	828	default
ASTM	275	818	304	828	default
B584,	308	818	336	828	default
and	340	818	357	828	default
NSF/ANSI	32	828	80	838	default
Standard	82	828	125	838	default
61	128	828	139	838	default
for	142	828	155	838	default
drinking	158	828	195	838	default
water	198	828	224	838	default
•	172	698	176	705	default
Pipe	179	696	200	706	default
Nipples	203	696	238	706	default
and	241	696	259	706	default
Pipe:	261	696	285	706	default
Use	288	696	306	706	default
threaded	309	696	351	706	default
Schedule	179	706	223	716	default
40	226	706	237	716	default
standard-wall	240	706	303	716	default
brass	306	706	332	716	default
(see	335	706	354	716	default
pages	179	716	208	725	default
47-48)	211	716	240	725	default
•	35	797	39	805	default
Fittings:	43	795	80	805	default
Use	82	795	101	805	default
threaded	104	795	145	805	default
Class	148	795	174	805	default
125	177	795	194	805	default
low-pressure	197	795	257	805	default
brass	43	805	68	815	default
(see	71	805	90	815	default
pages	93	805	122	815	default
44-45	124	805	152	815	default
and	154	805	172	815	default
48)	175	805	189	815	default
•	35	787	39	795	default
Maximum	43	785	88	795	default
Pressure:	91	785	135	795	default
200	138	785	155	795	default
psi	158	785	172	795	default
@	175	785	183	795	default
72°	186	785	201	795	default
F	203	785	209	795	default
Pipe	32	843	53	853	default
Size	32	853	52	863	default
Flange	111	843	142	853	default
OD	111	853	126	863	default
For	175	843	190	853	default
Bolt	193	843	212	853	default
Dia	175	853	190	863	default
(No	196	853	212	863	default
)	215	853	218	863	default
1/2	38	865	49	875	default
31/20	111	865	132	876	default
1/20	175	865	190	876	default
(4)	193	865	204	875	default
4429K551	268	866	316	875	default
$63.00	326	865	357	875	default
3/4	38	875	49	885	default
37/80	111	875	132	885	default
1/20	175	875	190	885	default
(4)	193	875	204	885	default
4429K552	268	875	316	885	default
95.02	331	875	357	885	default
1	32	885	38	895	default
41/40	111	885	132	895	default
1/20	175	885	190	895	default
(4)	193	885	204	895	default
4429K553	268	885	316	895	default
83.00	331	885	357	895	default
11/4	32	894	49	904	default
45/80	111	894	132	905	default
1/20	175	894	190	905	default
(4)	193	895	204	904	default
4429K554	268	895	316	904	default
102.93	326	895	357	904	default
11/2	32	904	49	914	default
50	111	904	120	914	default
1/20	175	904	190	914	default
(4)	193	904	204	914	default
4429K555	268	904	316	914	default
117.56	326	904	357	914	default
2	32	914	38	924	default
60	111	914	120	924	default
5/80	175	914	190	924	default
(4)	193	914	204	924	default
4429K556	268	914	316	924	default
143.61	326	914	357	924	default
21/2	32	924	49	934	default
70	111	924	120	934	default
5/80	175	924	190	934	default
(4)	193	924	204	934	default
4429K557	268	924	316	934	default
195.86	326	924	357	934	default
3	32	934	38	943	default
71/20	111	933	132	944	default
5/80	175	933	190	944	default
(4)	193	934	204	943	default
4429K558	268	934	316	943	default
232.95	326	934	357	943	default
4	32	943	38	953	default
90	111	943	120	953	default
5/80	175	943	190	953	default
(8)	193	943	204	953	default
4429K559	268	943	316	953	default
309.46	326	943	357	953	default
Flat	94	735	110	743	default
Surface	112	735	145	743	default
on	102	743	113	752	default
Back	115	743	137	752	default
Also	386	696	407	706	default
known	415	696	447	706	default
as	455	696	466	706	default
Class	474	696	500	706	default
150	509	696	526	706	default
flanges,	534	696	572	706	default
these	580	696	606	706	default
are	614	696	629	706	default
designed	637	696	680	706	default
for	689	696	701	706	default
low-pressure	376	706	436	716	default
applications	440	706	496	716	default
Bolt	502	706	521	716	default
two	524	706	541	716	default
same-size	544	706	591	716	default
flanges	595	706	628	716	default
together	631	706	670	716	default
with	673	706	693	716	default
a	696	706	701	716	default
gasket	376	716	407	725	default
(sold	410	716	432	725	default
separately	434	716	482	725	default
on	485	716	497	725	default
pages	499	716	528	725	default
3619-3620)	530	716	583	725	default
to	586	716	595	725	default
create	597	716	626	725	default
an	629	716	640	725	default
access	643	716	675	725	default
point	678	716	701	725	default
within	376	725	403	735	default
a	406	725	412	735	default
line	415	725	431	735	default
Flanges	437	725	473	735	default
have	476	725	498	735	default
good	501	725	525	735	default
corrosion	528	725	571	735	default
resistance	574	725	622	735	default
•	378	806	382	814	default
Fittings:	386	805	423	815	default
Use	426	805	444	815	default
threaded	447	805	488	815	default
Class	491	805	517	815	default
125	520	805	537	815	default
low-pressure	540	805	600	815	default
bronze	386	815	417	824	default
(see	420	815	439	824	default
above)	442	815	473	824	default
•	378	777	382	785	default
Use	386	776	404	785	default
with	407	776	426	785	default
air,	429	776	442	785	default
natural	445	776	477	785	default
gas,	480	776	500	785	default
oil,	502	776	516	785	default
steam,	519	776	550	785	default
water	553	776	579	785	default
All	386	828	397	838	default
meet	400	828	423	838	default
ASTM	426	828	455	838	default
B584	458	828	482	838	default
and	485	828	502	838	default
BS21	505	828	531	838	default
•	378	787	382	795	default
Maximum	386	785	432	795	default
Pressure:	434	785	478	795	default
200	481	785	498	795	default
psi	501	785	515	795	default
@	518	785	526	795	default
72°	529	785	545	795	default
F;	546	785	555	795	default
125	386	795	403	805	default
psi	406	795	420	805	default
@	422	795	431	805	default
400°	434	795	455	805	default
F	457	795	462	805	default
for	465	795	478	805	default
steam	481	795	509	805	default
Pipe	375	843	396	853	default
Size,	399	843	421	853	default
BSPT	375	853	402	863	default
Flange	461	843	493	853	default
OD	461	853	477	863	default
For	522	843	538	853	default
Bolt	541	843	559	853	default
Dia	522	853	538	863	default
(No	543	853	560	863	default
)	562	853	565	863	default
1/2	381	865	392	875	default
31/20	461	865	483	876	default
1/20	522	865	538	876	default
(4)	541	865	552	875	default
4978K194	611	866	659	875	default
$59.88	669	865	701	875	default
3/4	381	875	392	885	default
37/80	461	875	483	885	default
1/20	522	875	538	885	default
(4)	541	875	552	885	default
4978K195	611	875	659	885	default
80.07	675	875	701	885	default
1	375	885	381	895	default
41/40	461	885	483	895	default
1/20	522	885	538	895	default
(4)	541	885	552	895	default
4978K196	611	885	659	895	default
105.60	669	885	701	895	default
11/4	375	894	392	904	default
45/80	461	894	483	905	default
1/20	522	894	538	905	default
(4)	541	895	552	904	default
4978K197	611	895	659	904	default
138.94	669	895	701	904	default
11/2	375	904	392	914	default
50	461	904	471	914	default
1/20	522	904	538	914	default
(4)	541	904	552	914	default
4978K198	611	904	659	914	default
160.28	669	904	701	914	default
2	375	914	381	924	default
60	461	914	471	924	default
5/80	522	914	538	924	default
(4)	541	914	552	924	default
4978K199	611	914	659	924	default
233.34	669	914	701	924	default
BSPT	375	764	403	774	default
(British	406	764	441	774	default
Standard	444	764	489	774	default
Pipe	492	764	514	774	default
Taper)	516	764	547	774	default
Flanges—Bronze	550	764	632	774	default
##LTFigure##	438	104	522	141	default
##LTFigure##	130	104	201	145	default
##LTFigure##	218	339	263	376	default
##LTFigure##	111	338	156	376	default
##LTFigure##	506	344	600	376	default
##LTFigure##	639	347	685	377	default
##LTFigure##	420	346	477	377	default
##LTFigure##	312	338	376	376	default
##LTFigure##	516	503	564	533	default
##LTFigure##	175	501	227	531	default
##LTFigure##	32	696	92	756	default
##LTFigure##	87	697	92	756	default
##LTFigure##	87	696	92	756	default
##LTFigure##	92	700	146	732	default
