4	32	960	42	973	default
Stainless	72	29	167	48	default
Steel	173	29	227	48	default
Pipe	233	29	279	48	default
Fittings	286	29	364	48	default
Pipe	53	70	74	79	default
size	76	70	94	79	default
is	97	70	105	79	default
not	107	70	122	79	default
an	125	70	136	79	default
actual	139	70	167	79	default
measured	170	70	216	79	default
size,	218	70	239	79	default
but	242	70	257	79	default
rather	260	70	287	79	default
an	290	70	301	79	default
industry	304	70	341	79	default
designation	343	70	397	79	default
Align	403	70	426	79	default
your	429	70	449	79	default
pipe	452	70	472	79	default
or	475	70	484	79	default
fitting	487	70	513	79	default
with	515	70	535	79	default
the	537	70	552	79	default
“0”	554	70	569	79	default
line	572	70	588	79	default
as	590	70	601	79	default
shown	604	70	634	79	default
The	640	70	657	79	default
line	660	70	676	79	default
on	679	70	690	79	default
the	43	79	57	89	default
opposite	60	79	101	89	default
edge	103	79	127	89	default
gives	129	79	154	89	default
the	156	79	171	89	default
pipe	174	79	194	89	default
size	197	79	215	89	default
You	220	79	238	89	default
can	240	79	257	89	default
also	260	79	279	89	default
measure	282	79	322	89	default
the	324	79	339	89	default
OD	342	79	357	89	default
of	360	79	369	89	default
male	372	79	394	89	default
threads	397	79	431	89	default
or	434	79	444	89	default
the	446	79	461	89	default
ID	464	79	474	89	default
of	476	79	485	89	default
female	488	79	519	89	default
threads,	522	79	560	89	default
then	562	79	583	89	default
find	586	79	603	89	default
the	606	79	620	89	default
corresponding	623	79	690	89	default
pipe	43	89	63	99	default
size	66	89	84	99	default
in	87	89	95	99	default
the	98	89	112	99	default
chart	115	89	139	99	default
If	145	89	150	99	default
your	153	89	174	99	default
measurement	177	89	240	99	default
doesn’t	243	89	278	99	default
match	280	89	310	99	default
an	312	89	324	99	default
OD	327	89	342	99	default
or	345	89	354	99	default
ID	357	89	367	99	default
listed,	370	89	398	99	default
round	401	89	428	99	default
to	431	89	440	99	default
the	443	89	457	99	default
nearest	460	89	494	99	default
1/80	497	89	513	99	default
How	43	59	65	69	default
to	68	59	78	69	default
Measure	81	59	124	69	default
Pipe	127	59	149	69	default
Size	152	59	172	69	default
for	175	59	189	69	default
NPT	192	59	213	69	default
Threads—Example	216	59	307	69	default
shows	310	59	340	69	default
pipe	343	59	363	69	default
size	366	59	384	69	default
3/8	387	59	398	69	default
To	58	184	69	194	default
measure	72	184	112	194	default
larger	115	184	141	194	default
pipe	144	184	164	194	default
sizes,	167	184	193	194	default
go	196	184	208	194	default
to	211	184	220	194	default
mcmaster	223	184	269	194	default
com	271	184	292	194	default
and	295	184	312	194	default
search	315	184	346	194	default
for	349	184	361	194	default
4464KAC	364	184	410	194	default
For	415	184	431	194	default
information	434	184	486	194	default
about	489	184	516	194	default
fittings	519	184	550	194	default
and	553	184	570	194	default
pipe,	573	184	596	194	default
see	599	184	616	194	default
pages	618	184	647	194	default
2-3	650	184	665	194	default
Pipe	394	156	415	166	default
Size:ID:	418	156	442	178	default
0	447	168	453	178	default
1	543	168	548	178	default
38	480	166	488	177	default
1	465	167	469	174	default
4	470	171	474	178	default
12	493	166	502	178	default
34	521	166	530	177	default
34	634	166	644	177	default
1	604	168	609	178	default
114	566	166	580	178	default
1	629	168	635	178	default
58	507	166	516	177	default
58	609	166	618	177	default
˝	642	166	645	177	default
˝	617	166	619	177	default
˝	579	166	581	177	default
˝	529	166	531	177	default
˝	515	166	517	177	default
˝	500	166	503	177	default
˝	487	166	489	177	default
˝	472	166	475	177	default
˝	548	167	551	178	default
0	446	156	452	166	default
1	571	156	576	166	default
18	480	154	489	165	default
116	464	154	477	165	default
14	493	154	502	165	default
12	521	154	530	165	default
34	542	154	551	165	default
114	604	154	617	166	default
112	629	154	643	166	default
38	507	154	516	165	default
Pipe	74	156	96	166	default
Size:OD:	99	156	123	178	default
0	128	156	133	166	default
0	128	168	133	178	default
1	263	156	269	166	default
1	296	156	302	166	default
1	325	156	331	166	default
1	238	168	244	177	default
1838	168	155	177	177	default
1161	153	155	166	173	default
4	158	170	162	177	default
14	181	155	190	166	default
14	302	155	311	166	default
12	181	166	190	177	default
12	213	155	222	166	default
12	330	155	339	166	default
34	213	166	222	177	default
34	236	155	245	166	default
114	259	166	272	178	default
3858	195	155	204	177	default
˝	272	166	274	177	default
1	297	168	303	178	default
˝	221	166	223	177	default
34˝	330	166	341	177	default
˝	203	166	205	177	default
58˝	303	166	313	177	default
1	324	168	330	178	default
˝	188	166	191	177	default
˝	176	166	179	177	default
˝	161	166	164	177	default
˝	243	166	246	178	default
•	35	254	39	262	default
Flanges:	43	252	82	262	default
Use	85	252	103	262	default
threaded	106	252	147	262	default
Class	150	252	176	262	default
150	179	252	196	262	default
low-pressure	199	252	259	262	default
stainless	43	262	83	272	default
steel	86	262	108	272	default
(see	111	262	130	272	default
page	133	262	156	272	default
9)	159	262	167	272	default
•	35	234	39	242	default
Pipe	43	233	63	243	default
Nipples	66	233	101	243	default
and	104	233	122	243	default
Pipe:	125	233	148	243	default
Use	151	233	170	243	default
threaded	173	233	214	243	default
Schedule	217	233	260	243	default
40	263	233	275	243	default
standard-wall	43	243	106	252	default
stainless	109	243	149	252	default
steel	152	243	174	252	default
(see	177	243	196	252	default
pages	199	243	227	252	default
10-13)	230	243	260	252	default
Use	303	233	321	243	default
these	324	233	349	243	default
Class	352	233	378	243	default
150	381	233	399	243	default
fittings	402	233	433	243	default
in	436	233	444	243	default
a	447	233	453	243	default
low-pressure	456	233	516	243	default
pipe	519	233	539	243	default
line	542	233	558	243	default
They	564	233	587	243	default
are	590	233	604	243	default
heat	607	233	627	243	default
treated,	630	233	666	243	default
except	669	233	701	243	default
NPTF	292	243	319	252	default
plugs	322	243	348	252	default
Fittings	354	243	388	252	default
that	391	243	409	252	default
meet	413	243	436	252	default
ANSI/MSS	439	243	490	252	default
SP-114	493	243	528	252	default
adhere	531	243	564	252	default
to	567	243	576	252	default
high-quality	580	243	635	252	default
standards	638	243	685	252	default
for	688	243	701	252	default
heat	292	252	312	262	default
treating,	315	252	353	262	default
material	356	252	393	262	default
thickness,	396	252	443	262	default
and	446	252	463	262	default
marking	466	252	504	262	default
304	303	262	320	272	default
stainless	323	262	367	272	default
steel	371	262	395	272	default
fittings	398	262	429	272	default
have	432	262	455	272	default
very	458	262	477	272	default
good	481	262	505	272	default
corrosion	508	262	552	272	default
resistance	555	262	603	272	default
316	609	262	626	272	default
stainless	629	262	673	272	default
steel	677	262	701	272	default
fittings	292	272	323	281	default
have	326	272	348	281	default
excellent	351	272	393	281	default
corrosion	396	272	439	281	default
resistance	442	272	489	281	default
Low-Pressure	32	216	146	231	default
Stainless	151	216	226	231	default
Steel	231	216	273	231	default
Threaded	278	216	357	231	default
Pipe	362	216	398	231	default
Fittings	403	216	465	231	default
(Continued	281	942	344	953	default
on	347	942	362	953	default
following	365	942	417	953	default
page)	420	942	452	953	default
Pipe	32	438	53	448	default
Size	32	448	52	458	default
90°	100	448	116	458	default
Elbows	118	448	155	458	default
90°	204	438	220	448	default
Elbows,	222	438	262	448	default
Female	198	448	234	458	default
@	235	450	243	458	default
Male	243	448	267	458	default
90°	293	438	309	448	default
Elbow	312	438	343	448	default
Unions,	345	438	383	448	default
Female	304	448	340	458	default
@	340	450	348	458	default
Male	349	448	373	458	default
45°	416	448	432	458	default
Elbows	435	448	471	458	default
Wyes	536	448	562	458	default
Tees	643	448	666	458	default
304	32	461	50	470	default
Stainless	52	461	97	470	default
Steel	100	461	125	470	default
1/8	43	470	55	480	default
4464K11	81	470	123	480	default
$4.90	147	470	173	480	default
4464K35	187	470	229	480	default
$6.94	253	470	279	480	default
4464K23	398	470	440	480	default
$6.48	464	470	490	480	default
4464K716	503	470	551	480	default
$4.62	569	470	595	480	default
4464K47	609	470	651	480	default
$6.91	675	470	701	480	default
1/4	43	480	55	490	default
4464K12	81	480	123	490	default
4.90	153	480	173	490	default
4464K36	187	480	229	490	default
6.94	259	480	279	490	default
4464K714	292	480	340	490	default
$17.78	352	480	384	490	default
4464K24	398	480	440	490	default
6.48	469	480	490	490	default
4464K726	503	480	551	490	default
5.56	575	480	595	490	default
4464K48	609	480	651	490	default
6.91	680	480	701	490	default
3/8	43	490	55	500	default
4464K13	81	490	123	500	default
6.00	153	490	173	500	default
4464K37	187	490	229	500	default
8.34	259	490	279	500	default
4464K724	292	490	340	500	default
21.18	358	490	384	500	default
4464K25	398	490	440	500	default
7.63	469	490	490	500	default
4464K736	503	490	551	500	default
6.80	575	490	595	500	default
4464K49	609	490	651	500	default
8.83	680	490	701	500	default
1/2	43	499	55	509	default
4464K14	81	500	123	509	default
6.45	153	500	173	509	default
4464K38	187	500	229	509	default
11.98	253	500	279	509	default
4464K734	292	500	340	509	default
30.79	358	500	384	509	default
4464K26	398	500	440	509	default
8.33	469	500	490	509	default
4464K746	503	500	551	509	default
9.70	575	500	595	509	default
4464K51	609	500	651	509	default
9.15	680	500	701	509	default
3/4	43	512	55	522	default
4464K15	81	512	123	522	default
9.21	153	512	173	522	default
4464K39	187	512	229	522	default
14.73	253	512	279	522	default
4464K744	292	512	340	522	default
33.12	358	512	384	522	default
4464K27	398	512	440	522	default
12.23	464	512	490	522	default
4464K756	503	512	551	522	default
13.01	569	512	595	522	default
4464K52	609	512	651	522	default
14.66	675	512	701	522	default
1	37	522	43	532	default
4464K16	81	522	123	532	default
13.07	147	522	173	532	default
4464K41	187	522	229	532	default
22.78	253	522	279	532	default
4464K754	292	522	340	532	default
52.07	358	522	384	532	default
4464K28	398	522	440	532	default
15.01	464	522	490	532	default
4464K766	503	522	551	532	default
20.90	569	522	595	532	default
4464K53	609	522	651	532	default
18.69	675	522	701	532	default
11/4	37	531	55	541	default
4464K17	81	532	123	541	default
24.32	147	532	173	541	default
4464K42	187	532	229	541	default
34.29	253	532	279	541	default
4464K764	292	532	340	541	default
86.95	358	532	384	541	default
4464K29	398	532	440	541	default
23.98	464	532	490	541	default
4464K776	503	532	551	541	default
26.59	569	532	595	541	default
4464K54	609	532	651	541	default
37.14	675	532	701	541	default
11/2	37	541	55	551	default
4464K18	81	541	123	551	default
30.58	147	541	173	551	default
4464K43	187	541	229	551	default
40.53	253	541	279	551	default
4464K774	292	541	340	551	default
98.11	358	541	384	551	default
4464K31	398	541	440	551	default
28.54	464	541	490	551	default
4464K786	503	541	551	551	default
29.75	569	541	595	551	default
4464K55	609	541	651	551	default
46.20	675	541	701	551	default
2	37	554	43	563	default
4464K19	81	554	123	563	default
38.70	147	554	173	563	default
4464K44	187	554	229	563	default
54.98	253	554	279	563	default
4464K784	292	554	340	563	default
149.84	352	554	384	563	default
4464K32	398	554	440	563	default
40.12	464	554	490	563	default
4464K796	503	554	551	563	default
43.77	569	554	595	563	default
4464K56	609	554	651	563	default
59.29	675	554	701	563	default
21/2	37	563	55	573	default
4464K121	81	563	129	573	default
79.93	147	563	173	573	default
4464K127	187	563	235	573	default
105.16	247	563	279	573	default
4464K124	398	563	446	573	default
94.51	464	563	490	573	default
4464K141	609	563	656	573	default
109.01	669	563	701	573	default
3	37	573	43	583	default
4464K122	81	573	129	583	default
101.83	141	573	173	583	default
4464K128	187	573	235	583	default
139.49	247	573	279	583	default
4464K125	398	573	446	583	default
130.25	458	573	490	583	default
4464K142	609	573	656	583	default
157.19	669	573	701	583	default
4	37	583	43	593	default
4464K123	81	583	129	593	default
170.32	141	583	173	593	default
4464K129	187	583	235	593	default
203.72	247	583	279	593	default
4464K126	398	583	446	593	default
173.86	458	583	490	593	default
4464K143	609	583	656	593	default
212.88	669	583	701	593	default
316	32	593	50	602	default
Stainless	52	593	97	602	default
Steel	100	593	125	602	default
1/8	43	602	55	612	default
4452K411	81	602	129	612	default
5.99	153	602	173	612	default
4452K471	187	602	235	612	default
7.23	259	602	279	612	default
4452K371	292	602	340	612	default
14.92	358	602	384	612	default
4452K421	398	602	446	612	default
7.70	469	602	490	612	default
4452K831	503	602	551	612	default
5.16	575	602	595	612	default
4452K431	609	602	656	612	default
7.98	680	602	701	612	default
1/4	43	612	55	622	default
4452K412	81	612	129	622	default
6.13	153	612	173	622	default
4452K472	187	612	235	622	default
8.14	259	612	279	622	default
4452K372	292	612	340	622	default
17.52	358	612	384	622	default
4452K422	398	612	446	622	default
7.70	469	612	490	622	default
4452K832	503	612	551	622	default
6.40	575	612	595	622	default
4452K432	609	612	656	622	default
9.00	680	612	701	622	default
3/8	43	622	55	632	default
4452K413	81	622	129	632	default
7.38	153	622	173	632	default
4452K473	187	622	235	632	default
10.18	253	622	279	632	default
4452K373	292	622	340	632	default
21.08	358	622	384	632	default
4452K423	398	622	446	632	default
9.34	469	622	490	632	default
4452K833	503	622	551	632	default
7.84	575	622	595	632	default
4452K433	609	622	656	632	default
10.56	675	622	701	632	default
1/2	43	631	55	641	default
4452K414	81	632	129	641	default
8.16	153	632	173	641	default
4452K474	187	632	235	641	default
12.03	253	632	279	641	default
4452K374	292	632	340	641	default
31.08	358	632	384	641	default
4452K424	398	632	446	641	default
10.21	464	632	490	641	default
4452K834	503	632	551	641	default
11.24	569	632	595	641	default
4452K434	609	632	656	641	default
12.56	675	632	701	641	default
3/4	43	644	55	654	default
4452K415	81	644	129	654	default
11.88	147	644	173	654	default
4452K475	187	644	235	654	default
15.79	253	644	279	654	default
4452K375	292	644	340	654	default
33.32	358	644	384	654	default
4452K425	398	644	446	654	default
13.43	464	644	490	654	default
4452K835	503	644	551	654	default
15.24	569	644	595	654	default
4452K435	609	644	656	654	default
18.53	675	644	701	654	default
1	37	654	43	663	default
4452K416	81	654	129	663	default
14.85	147	654	173	663	default
4452K476	187	654	235	663	default
25.23	253	654	279	663	default
4452K376	292	654	340	663	default
49.74	358	654	384	663	default
4452K426	398	654	446	663	default
16.85	464	654	490	663	default
4452K836	503	654	551	663	default
24.52	569	654	595	663	default
4452K436	609	654	656	663	default
23.28	675	654	701	663	default
11/4	37	663	55	673	default
4452K417	81	663	129	673	default
25.40	147	663	173	673	default
4452K477	187	663	235	673	default
37.68	253	663	279	673	default
4452K377	292	663	340	673	default
84.04	358	663	384	673	default
4452K427	398	663	446	673	default
26.54	464	663	490	673	default
4452K837	503	663	551	673	default
36.48	569	663	595	673	default
4452K437	609	663	656	673	default
41.12	675	663	701	673	default
11/2	37	673	55	683	default
4452K418	81	673	129	683	default
33.89	147	673	173	683	default
4452K478	187	673	235	683	default
42.00	253	673	279	683	default
4452K378	292	673	340	683	default
94.56	358	673	384	683	default
4452K428	398	673	446	683	default
31.56	464	673	490	683	default
4452K838	503	673	551	683	default
38.46	569	673	595	683	default
4452K438	609	673	656	683	default
56.26	675	673	701	683	default
2	37	686	43	695	default
4452K419	81	686	129	695	default
42.84	147	686	173	695	default
4452K479	187	686	235	695	default
59.89	253	686	279	695	default
4452K379	292	686	340	695	default
124.50	352	686	384	695	default
4452K429	398	686	446	695	default
44.10	464	686	490	695	default
4452K839	503	686	551	695	default
57.04	569	686	595	695	default
4452K439	609	686	656	695	default
72.49	675	686	701	695	default
21/2	37	695	55	705	default
4452K611	81	695	129	705	default
101.55	141	695	173	705	default
4452K617	187	695	235	705	default
123.55	247	695	279	705	default
4452K614	398	695	446	705	default
115.53	458	695	490	705	default
4452K621	609	695	656	705	default
125.51	669	695	701	705	default
3	37	705	43	715	default
4452K612	81	705	129	715	default
129.27	141	705	173	715	default
4452K618	187	705	235	715	default
160.16	247	705	279	715	default
4452K615	398	705	446	715	default
139.36	458	705	490	715	default
4452K622	609	705	656	715	default
188.59	669	705	701	715	default
4	37	715	43	725	default
4452K613	81	715	129	725	default
189.73	141	715	173	725	default
4452K619	187	715	235	725	default
227.01	247	715	279	725	default
4452K616	398	715	446	725	default
207.17	458	715	490	725	default
4452K623	609	715	656	725	default
230.46	669	715	701	725	default
•	35	304	39	312	default
Use	43	302	61	312	default
with	64	302	83	312	default
air,	86	302	99	312	default
natural	102	302	134	312	default
gas,	137	302	156	312	default
oil,	159	302	173	312	default
steam,	176	302	207	312	default
water	210	302	236	312	default
•	35	314	39	321	default
Maximum	43	312	88	322	default
Pressure:	91	312	135	322	default
150	138	312	155	322	default
psi	158	312	172	322	default
@	175	312	183	322	default
72°	186	312	201	322	default
F;	203	312	212	322	default
150	43	322	60	331	default
psi	63	322	76	331	default
@	79	322	88	331	default
360°	91	322	112	331	default
F	113	322	119	331	default
for	122	322	135	331	default
steam	138	322	166	331	default
Meet	303	302	326	312	default
ANSI/MSS	329	302	380	312	default
SP-114	383	302	418	312	default
and	421	302	439	312	default
ASTM	442	302	471	312	default
A351,	474	302	501	312	default
except	504	302	536	312	default
90°	539	302	555	312	default
elbow	558	302	587	312	default
unions,	590	302	624	312	default
wyes,	627	302	654	312	default
and	657	302	675	312	default
male	678	302	701	312	default
straights	292	312	332	322	default
only	335	312	354	322	default
meet	357	312	381	322	default
ASTM	383	312	412	322	default
A351	415	312	439	322	default
Female	303	322	339	332	default
@	339	323	347	331	default
male	348	322	372	332	default
90°	374	322	390	332	default
elbows	393	322	428	332	default
are	431	322	446	331	default
also	449	322	468	331	default
known	471	322	501	331	default
as	504	322	515	331	default
street	518	322	544	331	default
elbows	547	322	580	331	default
Female	303	332	339	341	default
@	339	333	347	341	default
butt	348	332	367	341	default
weld	370	332	394	341	default
straights	397	332	440	341	default
are	443	331	458	341	default
also	461	331	480	341	default
known	483	331	513	341	default
as	516	331	527	341	default
half	530	331	547	341	default
couplings	550	331	595	341	default
Unions	303	341	338	351	default
separate	341	341	383	351	default
into	386	341	404	351	default
three	407	341	431	351	default
pieces	434	341	465	351	default
so	469	341	480	351	default
you	484	341	501	351	default
can	504	341	522	351	default
access	525	341	558	351	default
your	562	341	583	351	default
line	586	341	602	351	default
without	606	341	641	351	default
unthreading	644	341	701	351	default
pipe	292	351	312	361	default
connections	315	351	372	361	default
NPT	32	291	53	300	default
Connectors,	56	291	117	300	default
Adapters,	120	291	168	300	default
and	171	291	189	300	default
Caps	192	291	218	300	default
Pipe	32	785	53	795	default
Size	32	795	52	804	default
Crosses	107	795	148	804	default
Straights,	209	785	257	795	default
Female	215	795	251	804	default
Straights,	314	785	362	795	default
Male	326	795	350	804	default
Straights,	420	785	468	795	default
Female	398	795	434	804	default
@	434	796	442	804	default
Butt	442	795	462	804	default
Weld	465	795	489	804	default
Unions	532	795	566	804	default
Caps	642	795	667	804	default
304	32	807	50	817	default
Stainless	52	807	97	817	default
Steel	100	807	125	817	default
1/8	43	817	55	827	default
4464K311	81	817	129	827	default
$11.98	141	817	173	827	default
4464K351	187	817	235	827	default
$2.86	253	817	279	827	default
4464K711	292	817	340	827	default
$2.48	358	817	384	827	default
4464K364	398	817	446	827	default
$2.09	464	817	490	827	default
4464K483	503	817	551	827	default
$13.57	563	817	595	827	default
4464K496	609	817	656	827	default
$1.99	675	817	701	827	default
1/4	43	826	55	836	default
4464K312	81	827	129	836	default
11.98	147	827	173	836	default
4464K352	187	827	235	836	default
3.40	259	827	279	836	default
4464K721	292	827	340	836	default
4.60	364	827	384	836	default
4464K471	398	827	446	836	default
2.28	469	827	490	836	default
4464K484	503	827	551	836	default
15.92	569	827	595	836	default
4464K497	609	827	656	836	default
2.92	680	827	701	836	default
3/8	43	836	55	846	default
4464K313	81	836	129	846	default
14.26	147	836	173	846	default
4464K353	187	836	235	846	default
3.93	259	836	279	846	default
4464K731	292	836	340	846	default
6.00	364	836	384	846	default
4464K472	398	836	446	846	default
2.43	469	836	490	846	default
4464K485	503	836	551	846	default
14.87	569	836	595	846	default
4464K498	609	836	656	846	default
3.41	680	836	701	846	default
1/2	43	846	55	856	default
4464K314	81	846	129	856	default
17.68	147	846	173	856	default
4464K354	187	846	235	856	default
5.63	259	846	279	856	default
4464K741	292	846	340	856	default
8.44	364	846	384	856	default
4464K473	398	846	446	856	default
3.83	469	846	490	856	default
4464K486	503	846	551	856	default
14.93	569	846	595	856	default
4464K499	609	846	656	856	default
3.54	680	846	701	856	default
3/4	43	858	55	868	default
4464K315	81	859	129	868	default
30.22	147	859	173	868	default
4464K355	187	859	235	868	default
7.78	259	859	279	868	default
4464K751	292	859	340	868	default
12.72	358	859	384	868	default
4464K474	398	859	446	868	default
4.56	469	859	490	868	default
4464K487	503	859	551	868	default
18.98	569	859	595	868	default
4464K511	609	859	656	868	default
4.40	680	859	701	868	default
1	37	868	43	878	default
4464K316	81	868	129	878	default
40.67	147	868	173	878	default
4464K356	187	868	235	878	default
11.33	253	868	279	878	default
4464K761	292	868	340	878	default
15.72	358	868	384	878	default
4464K475	398	868	446	878	default
5.87	469	868	490	878	default
4464K488	503	868	551	878	default
28.58	569	868	595	878	default
4464K512	609	868	656	878	default
6.65	680	868	701	878	default
11/4	37	878	55	888	default
4464K317	81	878	129	888	default
52.95	147	878	173	888	default
4464K357	187	878	235	888	default
16.76	253	878	279	888	default
4464K771	292	878	340	888	default
23.24	358	878	384	888	default
4464K476	398	878	446	888	default
9.18	469	878	490	888	default
4464K489	503	878	551	888	default
49.59	569	878	595	888	default
4464K513	609	878	656	888	default
12.02	675	878	701	888	default
11/2	37	888	55	897	default
4464K318	81	888	129	897	default
65.57	147	888	173	897	default
4464K358	187	888	235	897	default
19.88	253	888	279	897	default
4464K781	292	888	340	897	default
26.47	358	888	384	897	default
4464K477	398	888	446	897	default
11.33	464	888	490	897	default
4464K491	503	888	551	897	default
56.08	569	888	595	897	default
4464K514	609	888	656	897	default
15.80	675	888	701	897	default
2	37	900	43	910	default
4464K319	81	900	129	910	default
80.50	147	900	173	910	default
4464K359	187	900	235	910	default
28.03	253	900	279	910	default
4464K791	292	900	340	910	default
31.17	358	900	384	910	default
4464K478	398	900	446	910	default
14.44	464	900	490	910	default
4464K492	503	900	551	910	default
70.69	569	900	595	910	default
4464K515	609	900	656	910	default
20.14	675	900	701	910	default
21/2	37	910	55	920	default
4464K144	81	910	129	920	default
173.47	141	910	173	920	default
4464K361	187	910	235	920	default
61.57	253	910	279	920	default
4464K712	292	910	340	920	default
43.86	358	910	384	920	default
4464K479	398	910	446	920	default
35.03	464	910	490	920	default
4464K493	503	910	551	920	default
164.63	563	910	595	920	default
4464K516	609	910	656	920	default
36.36	675	910	701	920	default
3	37	920	43	929	default
4464K145	81	920	129	929	default
187.39	141	920	173	929	default
4464K362	187	920	235	929	default
83.78	253	920	279	929	default
4464K722	292	920	340	929	default
56.11	358	920	384	929	default
4464K481	398	920	446	929	default
42.67	464	920	490	929	default
4464K494	503	920	551	929	default
206.69	563	920	595	929	default
4464K517	609	920	656	929	default
50.25	675	920	701	929	default
4	37	929	43	939	default
4464K146	81	929	129	939	default
270.60	141	929	173	939	default
4464K363	187	929	235	939	default
130.21	247	929	279	939	default
4464K482	398	929	446	939	default
82.86	464	929	490	939	default
4464K495	503	929	551	939	default
286.43	563	929	595	939	default
4464K518	609	929	656	939	default
89.52	675	929	701	939	default
##LTFigure##	438	104	522	141	default
##LTFigure##	130	104	201	145	default
##LTFigure##	320	374	369	434	default
##LTFigure##	524	391	588	434	default
##LTFigure##	217	392	256	434	default
##LTFigure##	632	398	693	434	default
##LTFigure##	430	398	469	436	default
##LTFigure##	109	397	151	434	default
##LTFigure##	434	756	468	780	default
##LTFigure##	318	753	368	779	default
##LTFigure##	217	754	259	780	default
##LTFigure##	104	745	154	789	default
##LTFigure##	516	745	594	782	default
##LTFigure##	643	755	679	780	default
