29	709	960	729	973	default
Stainless	397	29	492	48	default
Steel	498	29	551	48	default
Pipe	558	29	604	48	default
Fittings	610	29	689	48	default
(Continued	309	943	372	954	default
on	375	943	390	954	default
following	393	943	445	954	default
page)	448	943	480	954	default
(Continued)	538	60	604	71	default
Thread	60	75	95	84	default
Adapters,	98	75	146	84	default
Male	149	75	173	84	default
(Cont	176	75	203	84	default
)	206	75	209	84	default
Extreme-Pressure	60	56	211	72	default
Stainless	216	56	291	72	default
Steel	296	56	338	72	default
Threaded	343	56	421	72	default
Pipe	426	56	463	72	default
Fittings	468	56	530	72	default
Pipe	60	153	81	163	default
Size	60	163	80	172	default
Thread	108	153	140	163	default
Size	108	163	128	172	default
Max	178	153	198	163	default
psi	204	153	217	163	default
@	178	163	186	172	default
72°	189	163	205	172	default
F	206	163	212	172	default
1/8	60	175	72	185	default
M12	108	175	129	185	default
2	129	177	137	185	default
1.5	137	175	152	185	default
5,000	178	175	204	185	default
4822T164	236	175	282	185	default
$50.65	315	175	347	185	default
1/8	60	185	72	195	default
M14	108	185	129	195	default
2	129	187	137	194	default
1.5	137	185	152	195	default
5,000	178	185	204	195	default
4822T165	236	185	282	195	default
51.62	321	185	347	195	default
1/4	60	197	72	207	default
M12	108	197	129	207	default
2	129	199	137	207	default
1.5	137	197	152	207	default
5,000	178	197	204	207	default
4822T166	236	197	282	207	default
51.31	321	197	347	207	default
1/4	60	207	72	217	default
M14	108	207	129	217	default
2	129	209	137	217	default
1.5	137	207	152	217	default
5,000	178	207	204	217	default
4822T167	236	207	282	217	default
51.31	321	207	347	217	default
1/4	60	217	72	227	default
M16	108	217	129	227	default
2	129	219	137	226	default
1.5	137	217	152	227	default
5,000	178	217	204	227	default
4822T168	236	217	282	227	default
60.15	321	217	347	227	default
1/4	60	226	72	236	default
M18	108	227	129	236	default
2	129	228	137	236	default
1.5	137	227	152	236	default
5,000	178	227	204	236	default
4822T169	236	227	282	236	default
91.02	321	227	347	236	default
3/8	60	239	72	249	default
M16	108	239	129	249	default
2	129	241	137	248	default
1.5	137	239	152	249	default
5,000	178	239	204	249	default
4822T171	236	239	282	249	default
61.25	321	239	347	249	default
3/8	60	249	72	259	default
M18	108	249	129	259	default
2	129	251	137	258	default
1.5	137	249	152	259	default
5,000	178	249	204	259	default
4822T172	236	249	282	259	default
74.19	321	249	347	259	default
3/8	60	258	72	268	default
M20	108	259	129	268	default
2	129	260	137	268	default
1.5	137	259	152	268	default
5,000	178	259	204	268	default
4822T173	236	259	282	268	default
83.42	321	259	347	268	default
1/2	60	268	72	278	default
M16	108	268	129	278	default
2	129	270	137	278	default
1.5	137	268	152	278	default
4,500	178	268	204	278	default
4822T174	236	268	282	278	default
72.60	321	268	347	278	default
Pipe	368	153	389	163	default
Size	368	163	387	172	default
Thread	415	153	448	163	default
Size	415	163	435	172	default
Max	485	153	505	163	default
psi	511	153	525	163	default
@	485	163	494	172	default
72°	496	163	512	172	default
F	513	163	519	172	default
1/2	374	175	385	185	default
M18	415	175	436	185	default
2	436	177	445	185	default
1.5	445	175	459	185	default
4,500	485	175	511	185	default
4822T175	543	175	590	185	default
$72.60	623	175	655	185	default
1/2	374	185	385	195	default
M20	415	185	436	195	default
2	436	187	445	194	default
1.5	445	185	459	195	default
4,500	485	185	511	195	default
4822T176	543	185	590	195	default
72.60	629	185	655	195	default
1/2	374	194	385	204	default
M22	415	195	436	204	default
2	436	196	445	204	default
1.5	445	195	459	204	default
4,500	485	195	511	204	default
4822T177	543	195	590	204	default
72.60	629	195	655	204	default
3/4	374	207	385	217	default
M20	415	207	436	217	default
2	436	209	445	217	default
1.5	445	207	459	217	default
3,600	485	207	511	217	default
4822T178	543	207	590	217	default
80.94	629	207	655	217	default
3/4	374	217	385	227	default
M22	415	217	436	227	default
2	436	219	445	226	default
1.5	445	217	459	227	default
3,600	485	217	511	227	default
4822T179	543	217	590	227	default
80.94	629	217	655	227	default
3/4	374	226	385	236	default
M27	415	227	436	236	default
2	436	228	445	236	default
1.5	445	227	459	236	default
3,600	485	227	511	236	default
4822T181	543	227	590	236	default
84.10	629	227	655	236	default
3/4	374	236	385	246	default
M36	415	236	436	246	default
2	436	238	445	246	default
1.5	445	236	459	246	default
3,600	485	236	511	246	default
4822T182	543	236	590	246	default
126.42	623	236	655	246	default
1	368	249	374	259	default
M22	415	249	436	259	default
2	436	251	445	258	default
1.5	445	249	459	259	default
2,900	485	249	511	259	default
4822T183	543	249	590	259	default
135.85	623	249	655	259	default
1	368	259	374	268	default
M36	415	259	436	268	default
2	436	260	445	268	default
1.5	445	259	459	268	default
2,900	485	259	511	268	default
4822T184	543	259	590	268	default
141.12	623	259	655	268	default
BSPP	323	143	351	153	default
@	351	145	360	153	default
Metric	360	143	392	153	default
Thread	60	299	93	309	default
Size	60	309	80	318	default
Pipe	130	299	151	309	default
Size	130	309	150	318	default
Max	178	299	198	309	default
psi	204	299	217	309	default
@	178	309	186	318	default
72°	189	309	205	318	default
F	206	309	212	318	default
7/160-20	60	321	96	331	default
1/4	130	321	142	331	default
5,000	178	321	204	331	default
4822T185	236	321	282	331	default
$48.85	315	321	347	331	default
7/160-20	60	330	96	341	default
3/8	130	331	142	340	default
5,000	178	331	204	340	default
4822T186	236	331	282	341	default
57.52	321	331	347	340	default
9/160-18	60	340	96	351	default
1/4	130	340	142	350	default
5,000	178	340	204	350	default
4822T187	236	341	282	350	default
57.27	321	340	347	350	default
9/160-18	60	350	96	360	default
3/8	130	350	142	360	default
5,000	178	350	204	360	default
4822T188	236	350	282	360	default
55.92	321	350	347	360	default
9/160-18	60	360	96	370	default
1/2	130	360	142	370	default
4,500	178	360	204	370	default
4822T189	236	360	282	370	default
71.63	321	360	347	370	default
3/40-16	60	369	91	380	default
3/8	130	369	142	379	default
4,500	178	370	204	379	default
4822T191	236	370	282	379	default
58.96	321	370	347	379	default
3/40-16	60	379	91	390	default
1/2	130	379	142	389	default
4,500	178	379	204	389	default
4822T192	236	379	282	389	default
66.42	321	379	347	389	default
Thread	368	299	400	309	default
Size	368	309	387	318	default
Pipe	438	299	458	309	default
Size	438	309	457	318	default
Max	485	299	505	309	default
psi	511	299	525	309	default
@	485	309	494	318	default
72°	496	309	512	318	default
F	513	309	519	318	default
3/40-16	374	321	405	331	default
3/4	443	321	455	331	default
3,600	485	321	511	331	default
4822T193	543	321	590	331	default
$87.19	623	321	655	331	default
7/80-14	374	330	405	341	default
1/2	443	331	455	340	default
3,500	485	331	511	340	default
4822T194	543	331	590	341	default
76.23	629	331	655	340	default
11/160-12	368	340	409	351	default
1/2	443	340	455	350	default
3,500	485	340	511	350	default
4822T195	543	341	590	350	default
82.83	629	340	655	350	default
11/160-12	368	350	409	360	default
3/4	443	350	455	360	default
3,500	485	350	511	360	default
4822T196	543	350	590	360	default
83.67	629	350	655	360	default
11/160-12	368	360	409	370	default
1	438	360	443	370	default
2,900	485	360	511	370	default
4822T197	543	360	590	370	default
123.10	623	360	655	370	default
15/160-12	368	369	409	380	default
3/4	443	369	455	379	default
3,500	485	370	511	379	default
4822T198	543	370	590	379	default
122.31	623	370	655	379	default
15/160-12	368	379	409	390	default
1	438	379	443	389	default
2,900	485	379	511	389	default
4822T199	543	379	590	389	default
127.58	623	379	655	389	default
UN/UNF	304	289	345	299	default
(SAE)	348	289	374	299	default
@	375	291	383	298	default
BSPP	383	289	411	299	default
Pipe	60	568	81	578	default
Size	60	578	80	588	default
Thread	108	568	140	578	default
Size	108	578	128	588	default
Max	178	568	198	578	default
psi	204	568	217	578	default
@	178	578	186	588	default
72°	189	578	205	588	default
F	206	578	212	588	default
1/8	60	590	72	600	default
5/160-24	114	590	149	601	default
7,200	178	590	204	600	default
51205K546'	236	591	298	600	default
$30.90	315	590	347	600	default
1/8	60	600	72	610	default
7/160-20	114	600	149	610	default
7,200	178	600	204	610	default
51205K547'	236	600	298	610	default
31.04	321	600	347	610	default
1/8	60	610	72	620	default
3/40-16	114	610	145	620	default
7,200	178	610	204	620	default
51205K549'	236	610	298	620	default
73.79	321	610	347	620	default
1/4	60	622	72	632	default
7/160-20	114	622	149	633	default
6,000	178	622	204	632	default
51205K265l	236	622	298	632	default
76.92	321	622	347	632	default
1/4	60	632	72	642	default
9/160-18	114	632	149	642	default
6,000	178	632	204	642	default
51205K266l	236	632	298	642	default
49.81	321	632	347	642	default
1/4	60	642	72	652	default
3/40-16	114	642	145	652	default
6,000	178	642	204	652	default
51205K268l	236	642	298	652	default
65.85	321	642	347	652	default
1/4	60	651	72	661	default
7/80-14	114	651	145	662	default
6,600	178	652	204	661	default
51205K551'	236	652	298	661	default
35.13	321	652	347	661	default
1/4	60	661	72	671	default
11/160-12	108	661	149	671	default
6,000	178	661	204	671	default
51205K555'	236	661	298	671	default
39.83	321	661	347	671	default
3/8	60	671	72	681	default
9/160-18	114	671	149	681	default
6,000	178	671	204	681	default
51205K267l	236	671	298	681	default
66.33	321	671	347	681	default
Pipe	368	568	389	578	default
Size	368	578	387	588	default
Thread	415	568	448	578	default
Size	415	578	435	588	default
Max	485	568	505	578	default
psi	511	568	525	578	default
@	485	578	494	588	default
72°	496	578	512	588	default
F	513	578	519	588	default
3/8	368	590	379	600	default
3/40-16	421	590	452	601	default
6,000	485	590	511	600	default
51205K269l	543	591	606	600	default
$48.00	623	590	655	600	default
3/8	368	600	379	610	default
7/80-14	421	600	452	610	default
6,600	485	600	511	610	default
51205K552'	543	600	606	610	default
42.15	629	600	655	610	default
3/8	368	610	379	620	default
11/160-12	415	610	457	620	default
6,000	485	610	511	620	default
51205K556'	543	610	606	620	default
43.33	629	610	655	620	default
1/2	368	622	379	632	default
9/160-18	421	622	457	633	default
7,200	485	622	511	632	default
51205K548'	543	622	606	632	default
40.40	629	622	655	632	default
1/2	368	632	379	642	default
3/40-16	421	632	452	642	default
6,000	485	632	511	642	default
51205K271l	543	632	606	642	default
100.81	623	632	655	642	default
1/2	368	642	379	652	default
7/80-14	421	642	452	652	default
6,000	485	642	511	652	default
51205K553'	543	642	606	652	default
61.48	629	642	655	652	default
1/2	368	651	379	661	default
11/160-12	415	651	457	662	default
6,000	485	652	511	661	default
51205K557'	543	652	606	661	default
45.90	629	652	655	661	default
3/4	368	661	379	671	default
7/80-14	421	661	452	671	default
4,800	485	661	511	671	default
51205K554'	543	661	606	671	default
67.35	629	661	655	671	default
3/4	368	671	379	681	default
11/160-12	415	671	457	681	default
4,800	485	671	511	681	default
51205K558'	543	671	606	681	default
51.50	629	671	655	681	default
l	310	681	319	689	default
Gasket	321	681	354	690	default
is	357	681	364	690	default
fluoroelastomer	367	681	439	690	default
'	60	681	69	690	default
Also	71	681	92	690	default
for	94	681	107	690	default
use	110	681	126	690	default
with	129	681	149	690	default
steam	151	681	180	690	default
Rated	186	681	213	690	default
for	216	681	229	690	default
steam	232	681	260	690	default
@	263	681	271	690	default
200°	274	681	296	690	default
F	297	681	303	690	default
BSPP	297	418	325	428	default
and	327	418	345	428	default
metric	347	418	379	428	default
male	382	418	404	428	default
threads	407	418	442	428	default
have	444	418	466	428	default
a	469	418	475	428	default
Buna-N	477	418	513	428	default
gasket	516	418	547	428	default
and	549	418	567	428	default
316	569	418	587	428	default
stainless	589	418	630	428	default
steel	633	418	655	428	default
washer	286	428	320	438	default
to	323	428	332	438	default
prevent	335	428	370	438	default
leaks,	372	428	399	438	default
unless	402	428	432	438	default
noted	435	428	462	438	default
For	468	428	483	438	default
replacement	486	428	543	438	default
washers	546	428	585	438	default
see	588	428	604	438	default
page	607	428	631	438	default
31	633	428	645	438	default
UN/UNF	297	438	338	447	default
(SAE)	343	438	370	447	default
threads	374	438	410	447	default
are	414	438	429	447	default
also	433	438	453	447	default
known	457	438	488	447	default
as	493	438	504	447	default
O-ring	508	438	538	447	default
boss	542	438	565	447	default
threads;	570	438	608	447	default
the	613	438	627	447	default
male	632	438	655	447	default
threads	286	447	321	457	default
have	324	447	346	457	default
a	349	447	355	457	default
Buna-N	357	447	393	457	default
gasket	396	447	427	457	default
to	430	447	439	457	default
prevent	442	447	477	457	default
leaks,	480	447	507	457	default
unless	510	447	540	457	default
noted	543	447	569	457	default
Thread	60	406	95	416	default
Adapters,	98	406	146	416	default
Female	149	406	185	416	default
@	185	408	193	416	default
Male	194	406	218	416	default
•	63	439	68	447	default
Maximum	71	438	117	447	default
Pressure:	120	438	163	447	default
See	166	438	184	447	default
table	187	438	210	447	default
•	63	420	68	428	default
Use	71	418	89	428	default
with	92	418	111	428	default
hydraulic	114	418	156	428	default
fluid	159	418	179	428	default
(petroleum	182	418	231	428	default
base),	234	418	262	428	default
oil,	71	428	84	438	default
and	87	428	105	438	default
water	108	428	133	438	default
(unless	136	428	169	438	default
noted)	172	428	201	438	default
NPTF	304	559	331	568	default
@	331	560	340	568	default
UN/UNF	340	559	381	568	default
(SAE)	384	559	410	568	default
Pipe	60	711	81	721	default
Size	60	721	80	731	default
Thread	108	711	140	721	default
Size	108	721	128	731	default
Max	178	711	198	721	default
psi	204	711	217	721	default
@	178	721	186	731	default
72°	189	721	205	731	default
F	206	721	212	731	default
1/8	60	733	72	743	default
M10	108	734	129	743	default
2	129	735	137	743	default
1	137	734	143	743	default
5,000	178	734	204	743	default
4822T392	236	734	282	743	default
$45.23	315	734	347	743	default
1/4	60	743	72	753	default
M12	108	743	129	753	default
2	129	745	137	753	default
1.5	137	743	152	753	default
5,000	178	743	204	753	default
4822T393	236	743	282	753	default
34.23	321	743	347	753	default
1/4	60	753	72	763	default
M14	108	753	129	763	default
2	129	755	137	762	default
1.5	137	753	152	763	default
5,000	178	753	204	763	default
4822T394	236	753	282	763	default
51.17	321	753	347	763	default
3/8	60	763	72	772	default
M16	108	763	129	772	default
2	129	764	137	772	default
1.5	137	763	152	772	default
4,500	178	763	204	772	default
4822T395	236	763	282	772	default
49.85	321	763	347	772	default
Pipe	368	711	389	721	default
Size	368	721	387	731	default
Thread	415	711	448	721	default
Size	415	721	435	731	default
Max	485	711	505	721	default
psi	511	711	525	721	default
@	485	721	494	731	default
72°	496	721	512	731	default
F	513	721	519	731	default
3/8	368	733	379	743	default
M18	415	734	436	743	default
2	436	735	445	743	default
1.5	445	734	459	743	default
4,500	485	734	511	743	default
4822T396	543	734	590	743	default
$60.79	623	734	655	743	default
1/2	368	743	379	753	default
M18	415	743	436	753	default
2	436	745	445	753	default
1.5	445	743	459	753	default
4,000	485	743	511	753	default
4822T397	543	743	590	753	default
54.75	629	743	655	753	default
1/2	368	753	379	763	default
M20	415	753	436	763	default
2	436	755	445	762	default
1.5	445	753	459	763	default
3,500	485	753	511	763	default
4822T398	543	753	590	763	default
71.02	629	753	655	763	default
1/2	368	763	379	772	default
M22	415	763	436	772	default
2	436	764	445	772	default
1.5	445	763	459	772	default
3,500	485	763	511	772	default
4822T399	543	763	590	772	default
72.12	629	763	655	772	default
NPT	327	702	348	711	default
@	348	703	356	711	default
Metric	357	702	389	711	default
Pipe	60	793	81	803	default
Size	60	803	80	813	default
Max	141	793	161	803	default
psi	166	793	180	803	default
@	141	803	149	813	default
72°	152	803	168	813	default
F	169	803	175	813	default
1/8	60	815	72	825	default
6,000	141	815	167	825	default
4822T76	236	816	277	825	default
$17.08	315	815	347	825	default
1/4	60	825	72	835	default
6,000	141	825	167	835	default
4822T77	236	825	277	835	default
18.38	321	825	347	835	default
3/8	60	835	72	845	default
6,000	141	835	167	845	default
4822T78	236	835	277	845	default
21.92	321	835	347	845	default
Pipe	368	793	389	803	default
Size	368	803	387	813	default
Max	448	793	468	803	default
psi	474	793	488	803	default
@	448	803	456	813	default
72°	459	803	475	813	default
F	476	803	482	813	default
1/2	374	815	385	825	default
.5,000	444	815	474	825	default
4822T79	543	816	584	825	default
$26.50	623	815	655	825	default
3/4	374	825	385	835	default
.4,500	444	825	474	835	default
4822T81	543	825	584	835	default
45.24	629	825	655	835	default
1	368	835	374	845	default
3,500	448	835	474	845	default
4822T82	543	835	584	845	default
79.20	629	835	655	845	default
BSPP	328	784	356	793	default
@	357	785	365	793	default
NPT	365	784	386	793	default
Pipe	60	865	81	875	default
Size	60	875	80	885	default
Thread	108	865	140	875	default
Size	108	875	128	885	default
Max	178	865	198	875	default
psi	204	865	217	875	default
@	178	875	186	885	default
72°	189	875	205	885	default
F	206	875	212	885	default
1/8	60	888	72	898	default
7/160-20	108	888	143	898	default
6,000	178	888	204	898	default
51205K77	236	888	284	898	default
$31.15	315	888	347	898	default
1/4	60	897	72	907	default
7/160-20	108	897	143	908	default
6,000	178	898	204	907	default
51205K771	236	898	289	907	default
34.06	321	898	347	907	default
1/4	60	907	72	917	default
9/160-18	108	907	143	917	default
6,000	178	907	204	917	default
51205K772	236	907	289	917	default
34.88	321	907	347	917	default
1/4	60	917	72	927	default
3/40-16	108	917	139	927	default
6,000	178	917	204	927	default
51205K774	236	917	289	927	default
43.02	321	917	347	927	default
3/8	60	927	72	936	default
9/160-18	108	926	143	937	default
6,000	178	927	204	936	default
51205K773	236	927	289	937	default
35.69	321	927	347	936	default
Pipe	368	865	389	875	default
Size	368	875	387	885	default
Thread	415	865	448	875	default
Size	415	875	435	885	default
Max	485	865	505	875	default
psi	511	865	525	875	default
@	485	875	494	885	default
72°	496	875	512	885	default
F	513	875	519	885	default
3/8	374	888	385	898	default
3/40-16	421	888	452	898	default
6,000	485	888	511	898	default
51205K775	543	888	597	898	default
$37.19	623	888	655	898	default
1/2	374	897	385	907	default
7/80-14	421	897	452	908	default
5,000	485	898	511	907	default
51205K776	543	898	597	907	default
44.96	629	898	655	907	default
3/4	374	907	385	917	default
11/160-12	415	907	457	917	default
4,000	485	907	511	917	default
51205K778	543	907	597	917	default
102.71	623	907	655	917	default
1	368	917	374	927	default
15/160-12	415	917	457	927	default
3,000	485	917	511	927	default
51205K779	543	917	597	927	default
84.52	629	917	655	927	default
BSPP	304	856	332	866	default
@	332	857	340	865	default
UN/UNF	341	856	382	866	default
(SAE)	384	856	411	866	default
•	63	107	68	115	default
Maximum	71	106	117	115	default
Pressure:	120	106	163	115	default
See	166	106	184	115	default
table	187	106	210	115	default
•	63	88	68	96	default
Use	71	86	89	96	default
with	92	86	111	96	default
hydraulic	114	86	156	96	default
fluid	159	86	179	96	default
(petroleum	182	86	231	96	default
base),	71	96	99	106	default
oil,	102	96	115	106	default
and	118	96	136	106	default
water	139	96	164	106	default
(unless	167	96	200	106	default
noted)	203	96	232	106	default
BSPP	297	86	325	96	default
and	328	86	346	96	default
metric	349	86	381	96	default
threads	385	86	420	96	default
have	423	86	446	96	default
either	449	86	475	96	default
a	479	86	484	96	default
Buna-N	487	86	524	96	default
gasket	527	86	559	96	default
or	562	86	571	96	default
a	575	86	580	96	default
Buna-N	583	86	620	96	default
gasket	623	86	655	96	default
and	286	96	304	106	default
316	307	96	325	106	default
stainless	328	96	369	106	default
steel	372	96	394	106	default
washer	397	96	431	106	default
to	434	96	444	106	default
prevent	447	96	482	106	default
leaks	485	96	509	106	default
For	516	96	531	106	default
replacement	534	96	593	106	default
washers	596	96	635	106	default
see	638	96	655	106	default
page	286	106	309	115	default
31	312	106	324	115	default
UN/UNF	297	116	337	125	default
(SAE)	340	116	367	125	default
threads	370	115	405	125	default
have	407	115	429	125	default
a	432	115	438	125	default
Buna-N	441	115	476	125	default
gasket	479	115	510	125	default
to	513	115	522	125	default
prevent	525	115	560	125	default
leaks,	563	115	589	125	default
unless	592	115	622	125	default
noted	625	115	652	125	default
Also	286	125	306	135	default
known	309	125	340	135	default
as	343	125	354	135	default
O-ring	357	125	386	135	default
boss	389	125	412	135	default
threads	414	125	449	135	default
NPT	328	467	349	477	default
@	349	469	357	477	default
BSPP	358	467	386	477	default
Pipe	60	477	81	487	default
Size	60	487	80	497	default
Max	141	477	161	487	default
psi	166	477	180	487	default
@	141	487	149	497	default
72°	152	487	168	497	default
F	169	487	175	497	default
1/8	60	499	72	509	default
2,900	141	499	167	509	default
4822T336	236	499	282	509	default
$15.87	315	499	347	509	default
1/4	60	509	72	519	default
2,900	141	509	167	519	default
4822T339	236	509	282	519	default
17.13	321	509	347	519	default
3/8	60	519	72	529	default
2,900	141	519	167	529	default
4822T344	236	519	282	529	default
23.62	321	519	347	529	default
1/2	60	528	72	538	default
2,900	141	529	167	538	default
4822T348	236	529	282	538	default
33.63	321	529	347	538	default
3/4	60	538	72	548	default
2,900	141	538	167	548	default
4822T352	236	538	282	548	default
60.15	321	538	347	548	default
Pipe	368	477	389	487	default
Size	368	487	387	497	default
Max	448	477	468	487	default
psi	474	477	488	487	default
@	448	487	456	497	default
72°	459	487	475	497	default
F	476	487	482	497	default
1	368	499	374	509	default
2,900	448	499	474	509	default
4822T355	543	499	590	509	default
$87.58	623	499	655	509	default
11/4	368	509	385	519	default
.2,300	444	509	474	519	default
4822T357	543	509	590	519	default
137.88	623	509	655	519	default
11/2	368	519	385	529	default
.1,800	444	519	474	529	default
4822T358	543	519	590	529	default
165.00	623	519	655	529	default
2	368	529	374	538	default
1,200	448	529	474	538	default
4822T359	543	529	590	538	default
243.83	623	529	655	538	default
##LTFigure##	681	88	729	114	default
##LTFigure##	681	421	729	451	default
