27	709	960	729	973	default
Stainless	397	29	492	48	default
Steel	498	29	551	48	default
Pipe	558	29	604	48	default
Fittings	610	29	689	48	default
(Continued	309	943	372	954	default
on	375	943	390	954	default
following	393	943	445	954	default
page)	448	943	480	954	default
(Continued)	536	59	602	70	default
Extreme-Pressure	60	56	211	72	default
Stainless	216	56	291	72	default
Steel	296	56	338	72	default
Threaded	343	56	421	72	default
Pipe	426	56	463	72	default
Fittings	468	56	530	72	default
A	193	146	199	155	default
B	244	128	250	136	default
Reducers	414	90	458	100	default
meet	461	90	485	100	default
ISO	487	90	505	100	default
1179	508	90	531	100	default
and	534	90	551	100	default
ISO	554	90	571	100	default
8434-6,	574	90	610	100	default
except	613	90	645	100	default
female	648	90	679	100	default
reducers	681	90	722	100	default
Male	414	100	438	110	default
threads	440	100	475	110	default
have	477	100	499	110	default
a	502	100	507	110	default
Buna-N	510	100	545	110	default
gasket	548	100	579	110	default
and	581	100	598	110	default
a	601	100	607	110	default
316	609	100	626	110	default
stainless	629	100	669	110	default
steel	671	100	693	110	default
washer	696	100	729	110	default
to	404	110	413	120	default
prevent	416	110	451	120	default
leaks	453	110	477	120	default
For	483	110	499	120	default
replacement	502	110	559	120	default
washers	562	110	601	120	default
see	604	110	620	120	default
page	623	110	646	120	default
31	649	110	661	120	default
Female	205	157	241	167	default
•	63	102	68	110	default
Maximum	71	100	117	110	default
Pressure:	120	100	163	110	default
See	166	100	184	110	default
table	187	100	210	110	default
•	63	92	68	100	default
Use	71	90	89	100	default
with	92	90	111	100	default
hydraulic	114	90	156	100	default
fluid,	159	90	182	100	default
oil,	185	90	198	100	default
and	201	90	218	100	default
water	221	90	247	100	default
Pipe	63	167	84	177	default
Size,	87	167	109	177	default
BSPP	112	167	139	177	default
Max	194	167	214	177	default
psi	220	167	234	177	default
@	194	177	202	186	default
72°	205	177	221	186	default
F	222	177	228	186	default
(A)	60	177	73	186	default
(B)	127	177	140	186	default
1/4	60	189	72	199	default
1/8	127	189	139	199	default
6,000	194	189	220	199	default
51205K754	271	189	325	199	default
$66.62	354	189	386	199	default
3/8	60	199	72	209	default
1/4	127	199	139	209	default
6,000	194	199	220	209	default
51205K756	271	199	325	209	default
30.62	360	199	386	209	default
1/2	60	208	72	218	default
3/8	127	208	139	218	default
5,000	194	209	220	218	default
51205K757	271	209	325	218	default
33.83	360	209	386	218	default
BSPP	60	79	88	88	default
(British	91	79	126	88	default
Standard	129	79	174	88	default
Pipe	177	79	199	88	default
Parallel)	202	79	242	88	default
Reducers	245	79	293	88	default
Male	553	157	578	167	default
Pipe	406	167	427	177	default
Size,	430	167	452	177	default
BSPP	455	167	482	177	default
Max	519	167	539	177	default
psi	545	167	559	177	default
@	519	177	528	186	default
72°	531	177	546	186	default
F	548	177	554	186	default
(A)	404	177	416	186	default
(B)	466	177	478	186	default
1/4	409	189	421	199	default
1/8	472	189	483	199	default
5,000	519	189	545	199	default
4822T104	610	189	657	199	default
$34.69	697	189	729	199	default
3/8	409	199	421	209	default
1/8	472	199	483	209	default
5,000	519	199	545	209	default
4822T105	610	199	657	209	default
48.94	703	199	729	209	default
3/8	409	208	421	218	default
1/4	472	208	483	218	default
5,000	519	209	545	218	default
4822T106	610	209	657	218	default
35.63	703	209	729	218	default
1/2	409	218	421	228	default
1/8	472	218	483	228	default
4,500	519	218	545	228	default
4822T107	610	218	657	228	default
58.00	703	218	729	228	default
1/2	409	228	421	238	default
1/4	472	228	483	238	default
4,500	519	228	545	238	default
4822T108	610	228	657	238	default
40.85	703	228	729	238	default
1/2	409	238	421	247	default
3/8	472	238	483	247	default
4,500	519	238	545	247	default
4822T109	610	238	657	247	default
41.19	703	238	729	247	default
3/4	409	250	421	260	default
1/4	472	250	483	260	default
3,600	519	250	545	260	default
4822T112	610	250	657	260	default
70.52	703	250	729	260	default
3/4	409	260	421	270	default
3/8	472	260	483	270	default
3,600	519	260	545	270	default
4822T113	610	260	657	270	default
70.87	703	260	729	270	default
3/4	409	269	421	279	default
1/2	472	269	483	279	default
3,600	519	270	545	279	default
4822T114	610	270	657	279	default
57.92	703	270	729	279	default
1	404	279	409	289	default
1/4	472	279	483	289	default
2,900	519	279	545	289	default
4822T115	610	279	657	289	default
106.92	697	279	729	289	default
1	404	289	409	299	default
3/8	472	289	483	299	default
2,900	519	289	545	299	default
4822T116	610	289	657	299	default
104.38	697	289	729	299	default
1	404	299	409	309	default
1/2	472	299	483	309	default
2,900	519	299	545	309	default
4822T117	610	299	657	309	default
84.13	703	299	729	309	default
1	404	309	409	318	default
3/4	472	308	483	318	default
2,900	519	309	545	318	default
4822T118	610	309	657	318	default
88.37	703	309	729	318	default
11/4	404	321	421	331	default
1	466	321	472	331	default
2,300	519	321	545	331	default
4822T119	610	321	657	331	default
125.25	697	321	729	331	default
11/2	404	331	421	340	default
3/4	472	331	483	340	default
1,800	519	331	545	340	default
4822T121	610	331	657	341	default
181.38	697	331	729	340	default
11/2	404	340	421	350	default
1	466	340	472	350	default
1,800	519	340	545	350	default
4822T122	610	341	657	350	default
147.40	697	340	729	350	default
11/2	404	350	421	360	default
11/4	466	350	483	360	default
1,800	519	350	545	360	default
4822T123	610	350	657	360	default
144.62	697	350	729	360	default
2	404	360	409	370	default
11/2	466	360	483	370	default
1,200	519	360	545	370	default
4822T124	610	360	657	370	default
239.25	697	360	729	370	default
A	534	143	540	152	default
B	589	129	595	137	default
Female	188	271	224	281	default
@	225	273	233	280	default
Male	233	271	257	281	default
Pipe	63	281	84	290	default
Size,	87	281	109	290	default
BSPP	112	281	139	290	default
Max	194	281	214	290	default
psi	220	281	234	290	default
@	194	290	202	300	default
72°	205	290	221	300	default
F	222	290	228	300	default
(A)	60	290	73	300	default
(B)	127	290	140	300	default
1/8	66	303	78	313	default
1/4	133	303	144	313	default
2,900	194	303	220	313	default
4822T364	271	303	318	313	default
$45.81	354	303	386	313	default
1/4	66	313	78	322	default
1/8	133	313	144	322	default
2,900	194	313	220	322	default
4822T362	271	313	318	322	default
48.46	360	313	386	322	default
1/4	66	322	78	332	default
3/8	133	322	144	332	default
2,900	194	322	220	332	default
4822T368	271	322	318	332	default
51.81	360	322	386	332	default
3/8	66	332	78	342	default
1/8	133	332	144	342	default
2,900	194	332	220	342	default
4822T363	271	332	318	342	default
56.62	360	332	386	342	default
3/8	66	342	78	352	default
1/4	133	342	144	352	default
2,900	194	342	220	352	default
4822T366	271	342	318	352	default
52.85	360	342	386	352	default
3/8	66	351	78	361	default
1/2	133	351	144	361	default
2,900	194	352	220	361	default
4822T372	271	352	318	361	default
59.33	360	352	386	361	default
1/2	66	364	78	374	default
1/4	133	364	144	374	default
2,900	194	364	220	374	default
4822T367	271	364	318	374	default
63.04	360	364	386	374	default
1/2	66	374	78	384	default
3/8	133	374	144	384	default
2,900	194	374	220	384	default
4822T371	271	374	318	384	default
60.13	360	374	386	384	default
1/2	66	383	78	393	default
3/4	133	383	144	393	default
2,900	194	384	220	393	default
4822T375	271	384	318	393	default
77.00	360	384	386	393	default
3/4	66	393	78	403	default
1/2	133	393	144	403	default
2,900	194	393	220	403	default
4822T374	271	393	318	403	default
76.75	360	393	386	403	default
3/4	66	403	78	413	default
1	127	403	133	413	default
2,900	194	403	220	413	default
4822T378	271	403	318	413	default
113.50	354	403	386	413	default
1	60	415	66	425	default
3/4	133	415	144	425	default
2,900	194	415	220	425	default
4822T377	271	416	318	425	default
112.50	354	415	386	425	default
11/4	60	425	78	435	default
1	127	425	133	435	default
2,300	194	425	220	435	default
4822T381	271	425	318	435	default
163.29	354	425	386	435	default
A	196	254	202	263	default
B	244	239	250	248	default
Also	71	484	91	494	default
known	94	484	124	494	default
as	127	484	137	494	default
bulkhead	140	484	183	494	default
couplings,	185	484	233	494	default
these	236	484	261	494	default
connectors	263	484	315	494	default
mount	318	484	347	494	default
through	350	484	386	494	default
a	60	494	66	504	default
wall	69	494	88	504	default
or	91	494	101	504	default
tank	104	494	125	504	default
to	128	494	137	504	default
create	141	494	170	504	default
an	173	494	185	504	default
inlet	188	494	208	504	default
or	211	494	221	504	default
outlet	224	494	251	504	default
When	257	494	285	504	default
installing,	288	494	333	504	default
the	336	494	351	504	default
gasket	354	494	386	504	default
should	60	504	91	513	default
be	94	504	106	513	default
on	108	504	120	513	default
the	123	504	137	513	default
inside	140	504	167	513	default
of	170	504	179	513	default
the	181	504	196	513	default
tank	198	504	218	513	default
Threads	224	504	261	513	default
have	264	504	286	513	default
a	288	504	294	513	default
Buna-N	297	504	332	513	default
gasket	335	504	366	513	default
and	368	504	386	513	default
a	60	513	66	523	default
316	69	513	86	523	default
stainless	88	513	128	523	default
steel	131	513	153	523	default
washer	155	513	189	523	default
to	191	513	200	523	default
prevent	203	513	238	523	default
leaks	240	513	264	523	default
For	270	513	285	523	default
replacement	287	513	345	523	default
washers	347	513	386	523	default
see	60	523	77	533	default
page	80	523	103	533	default
31	106	523	117	533	default
Fittings	123	523	157	533	default
meet	160	523	183	533	default
ISO	186	523	204	533	default
1179	207	523	230	533	default
and	233	523	250	533	default
ISO	253	523	270	533	default
8434-6	273	523	306	533	default
•	63	473	68	480	default
Maximum	71	471	117	481	default
Pressure:	120	471	163	481	default
See	166	471	184	481	default
table	187	471	210	481	default
•	63	463	68	471	default
Use	71	461	89	471	default
with	92	461	111	471	default
hydraulic	114	461	156	471	default
fluid,	159	461	182	471	default
oil,	185	461	198	471	default
and	201	461	218	471	default
water	221	461	247	471	default
BSPP	60	450	88	459	default
(British	91	450	126	459	default
Standard	129	450	174	459	default
Pipe	177	450	199	459	default
Parallel)	202	450	242	459	default
Through-Wall	245	450	311	459	default
Connectors	314	450	372	459	default
Pipe	404	461	424	471	default
Size,	404	471	426	481	default
BSPP	404	481	431	491	default
Max	439	461	459	471	default
psi	439	471	453	481	default
@	456	471	464	481	default
72°	439	481	455	491	default
F	458	481	464	491	default
For	487	461	502	471	default
Max	487	471	507	481	default
Wall	513	471	532	481	default
Thick	487	481	512	491	default
,	515	481	518	491	default
mm	520	481	538	491	default
1/8	409	493	421	503	default
.5,000	436	493	465	503	default
8	487	493	492	503	default
4822T385	560	493	607	503	default
$42.60	616	493	648	503	default
1/4	409	503	421	513	default
.5,000	436	503	465	513	default
8	487	503	492	513	default
4822T386	560	503	607	513	default
52.27	622	503	648	513	default
3/8	409	513	421	522	default
.5,000	436	513	465	522	default
8	487	513	492	522	default
4822T387	560	513	607	523	default
59.06	622	513	648	522	default
1/2	409	522	421	532	default
.4,500	436	522	465	532	default
8	487	522	492	532	default
4822T388	560	523	607	532	default
71.12	622	522	648	532	default
3/4	409	532	421	542	default
.3,600	436	532	465	542	default
8	487	532	492	542	default
4822T389	560	532	607	542	default
111.17	616	532	648	542	default
1	404	542	409	552	default
2,900	439	542	465	552	default
8	487	542	492	552	default
4822T391	560	542	607	552	default
165.00	616	542	648	552	default
Thread	84	839	117	849	default
Size	119	839	139	849	default
Max	188	839	208	849	default
psi	214	839	228	849	default
@	188	849	196	859	default
72°	199	849	215	859	default
F	216	849	222	859	default
(A)	60	849	73	859	default
(B)	121	849	134	859	default
7/160-20	60	861	96	871	default
9/160-18	127	861	163	871	default
5,400	188	861	214	871	default
51205K529	239	861	292	871	default
$32.64	321	861	353	871	default
7/160-20	60	871	96	881	default
3/40-16	127	871	158	881	default
5,400	188	871	214	881	default
51205K533	239	871	292	881	default
34.10	327	871	353	881	default
7/160-20	60	880	96	891	default
7/80-14	127	880	158	891	default
5,400	188	881	214	890	default
51205K536	239	881	292	891	default
37.91	327	881	353	890	default
7/160-20	60	890	96	901	default
11/160-12	121	890	163	901	default
5,400	188	890	214	900	default
51205K541	239	891	292	900	default
33.97	327	890	353	900	default
9/160-18	60	900	96	910	default
7/160-20	127	900	163	910	default
5,400	188	900	214	910	default
51205K528	239	900	292	910	default
31.50	327	900	353	910	default
9/160-18	60	910	96	920	default
3/40-16	127	910	158	920	default
5,400	188	910	214	920	default
51205K534	239	910	292	920	default
36.11	327	910	353	920	default
9/160-18	60	919	96	930	default
7/80-14	127	919	158	930	default
5,400	188	920	214	929	default
51205K537	239	920	292	929	default
40.82	327	920	353	929	default
9/160-18	60	929	96	940	default
11/160-12	121	929	163	940	default
5,400	188	929	214	939	default
51205K542	239	929	292	939	default
38.18	327	929	353	939	default
Thread	396	839	428	849	default
Size	431	839	451	849	default
Max	500	839	520	849	default
psi	526	839	540	849	default
@	500	849	508	859	default
72°	511	849	527	859	default
F	528	849	534	859	default
(A)	369	849	381	859	default
(B)	436	849	449	859	default
3/40-16	375	861	406	871	default
9/160-18	442	861	478	871	default
4,800	500	861	526	871	default
51205K532	555	861	609	871	default
$38.35	624	861	656	871	default
3/40-16	375	871	406	881	default
7/80-14	442	871	473	881	default
4,800	500	871	526	881	default
51205K538	555	871	609	881	default
33.97	630	871	656	881	default
3/40-16	375	880	406	891	default
11/160-12	436	880	478	891	default
5,400	500	881	526	890	default
51205K543	555	881	609	891	default
39.38	630	881	656	890	default
7/80-14	375	890	406	901	default
3/40-16	442	890	473	901	default
3,600	500	890	526	900	default
51205K535	555	891	609	900	default
36.17	630	890	656	900	default
7/80-14	375	900	406	910	default
11/160-12	436	900	478	910	default
3,600	500	900	526	910	default
51205K544	555	900	609	910	default
42.75	630	900	656	910	default
15/160-12	369	910	411	920	default
7/80-14	442	910	473	920	default
4,200	500	910	526	920	default
51205K539	555	910	609	920	default
50.37	630	910	656	920	default
15/160-12	369	919	411	930	default
11/160-12	436	919	478	930	default
2,400	500	920	526	929	default
51205K545	555	920	609	929	default
60.90	630	920	656	929	default
UN/UNF	414	802	454	811	default
(SAE)	459	802	484	811	default
threads	489	802	524	811	default
are	529	802	544	811	default
also	548	802	567	811	default
known	572	802	603	811	default
as	608	802	619	811	default
O-ring	623	802	653	811	default
boss	404	811	426	821	default
threads;	429	811	467	821	default
the	470	811	484	821	default
male	487	811	509	821	default
threads	512	811	547	821	default
have	550	811	572	821	default
a	575	811	581	821	default
Buna-N	584	811	619	821	default
gasket	622	811	653	821	default
to	404	821	413	831	default
prevent	416	821	451	831	default
leaks	453	821	477	831	default
Meet	483	821	507	831	default
SAE	510	821	529	831	default
J514	532	821	555	831	default
UN/UNF	60	790	101	800	default
(SAE)	104	790	131	800	default
Reducers,	134	790	184	800	default
Female	187	790	223	800	default
@	224	792	232	799	default
Male	232	790	256	800	default
•	63	813	68	821	default
Maximum	71	811	117	821	default
Pressure:	120	811	163	821	default
See	166	811	184	821	default
table;	187	811	213	821	default
rated	71	821	95	831	default
for	98	821	110	831	default
steam	113	821	142	831	default
@	145	821	153	831	default
200°	156	821	177	831	default
F	179	821	185	831	default
•	63	803	68	811	default
Use	71	802	89	811	default
with	92	802	111	811	default
hydraulic	114	802	156	811	default
fluid,	159	802	182	811	default
oil,	185	802	198	811	default
steam,	201	802	232	811	default
and	235	802	253	811	default
water	256	802	281	811	default
A	670	825	676	833	default
B	721	804	727	813	default
Straights,	334	663	382	672	default
Female	385	663	421	672	default
@	422	664	430	672	default
Male	430	663	454	672	default
Thread	289	672	322	682	default
Size	289	682	309	692	default
Max	353	672	373	682	default
psi	379	672	393	682	default
@	353	682	361	692	default
72°	364	682	380	692	default
F	383	682	389	692	default
7/160-20	289	694	325	705	default
5,400	353	695	379	704	default
51205K527	402	695	456	704	default
$29.84	468	695	500	704	default
9/160-18	289	704	325	715	default
5,400	353	704	379	714	default
51205K531	402	704	456	714	default
34.38	474	704	500	714	default
•	63	582	68	590	default
Use	71	581	89	590	default
with	92	581	111	590	default
hydraulic	114	581	156	590	default
fluid	159	581	179	590	default
(petroleum	182	581	231	590	default
base),	234	581	262	590	default
oil,	265	581	279	590	default
water;	281	581	310	590	default
straights	71	590	111	600	default
can	114	590	131	600	default
also	134	590	153	600	default
be	156	590	167	600	default
used	170	590	193	600	default
with	196	590	215	600	default
steam	218	590	246	600	default
UN/UNF	414	581	454	590	default
(SAE)	457	581	483	590	default
threads	486	581	521	590	default
are	524	581	539	590	default
also	542	581	562	590	default
known	565	581	596	590	default
as	599	581	610	590	default
O-ring	613	581	643	590	default
boss	646	581	669	590	default
threads;	672	581	711	590	default
the	714	581	729	590	default
male	404	590	426	600	default
threads	429	590	464	600	default
have	467	590	489	600	default
a	492	590	497	600	default
gasket	500	590	531	600	default
to	534	590	543	600	default
prevent	546	590	581	600	default
leaks	584	590	608	600	default
Straights	414	600	459	610	default
have	462	600	484	610	default
a	487	600	492	610	default
Buna-N	495	600	531	610	default
gasket	534	600	565	610	default
Meet	571	600	594	610	default
SAE	597	600	617	610	default
J514	620	600	643	610	default
Plugs	414	610	441	620	default
have	443	610	465	620	default
a	467	610	472	620	default
fluoroelastomer	475	610	544	620	default
gasket	546	610	576	620	default
and	579	610	596	620	default
are	598	610	612	620	default
hollow	614	610	643	620	default
Meet	648	610	671	620	default
ASTM	673	610	701	620	default
A479	703	610	726	620	default
•	63	602	68	610	default
Maximum	71	600	117	610	default
Pressure:	120	600	163	610	default
See	166	600	184	610	default
table;	187	600	213	610	default
straights:	71	610	114	620	default
rated	117	610	141	620	default
for	144	610	156	620	default
steam	159	610	188	620	default
@	190	610	199	620	default
200°	202	610	223	620	default
F	224	610	230	620	default
UN/UNF	60	569	101	579	default
(SAE)	104	569	131	579	default
Connectors,	134	569	195	579	default
Adapters,	198	569	245	579	default
and	248	569	267	579	default
Plugs	270	569	297	579	default
Plugs	550	663	577	672	default
with	580	663	601	672	default
External	604	663	645	672	default
Hex	648	663	667	672	default
Drive	670	663	696	672	default
Thread	518	672	550	682	default
Size	518	682	538	692	default
Max	583	672	603	682	default
psi	609	672	623	682	default
@	583	682	592	692	default
72°	594	682	610	692	default
F	613	682	619	692	default
3/80-24	524	694	555	705	default
9,000	583	695	609	704	default
51205K286	625	695	679	704	default
$21.21	697	695	729	704	default
7/160-20	524	704	559	715	default
9,000	583	704	609	714	default
51205K287	625	704	679	714	default
6.38	709	704	729	714	default
1/20-20	524	714	555	724	default
7,200	583	714	609	724	default
51205K288	625	714	679	724	default
13.21	703	714	729	724	default
9/160-18	524	724	559	734	default
7,200	583	724	609	734	default
51205K289	625	724	679	734	default
8.87	709	724	729	734	default
3/40-16	524	733	555	744	default
7,200	583	734	609	743	default
51205K291	625	734	679	743	default
11.98	703	734	729	743	default
7/80-14	524	743	555	753	default
7,200	583	743	609	753	default
51205K292	625	743	679	753	default
23.71	703	743	729	753	default
11/160-12	518	753	559	763	default
7,200	583	753	609	763	default
51205K293	625	753	679	763	default
32.85	703	753	729	763	default
15/160-12	518	762	559	773	default
6,600	583	763	609	772	default
51205K294	625	763	679	772	default
51.73	703	763	729	772	default
Straights,	123	663	170	672	default
Female	173	663	209	672	default
Thread	60	672	93	682	default
Size	60	682	80	692	default
Max	121	672	141	682	default
psi	147	672	161	682	default
@	121	682	130	692	default
72°	133	682	148	692	default
F	150	682	155	692	default
7/160-20	66	694	102	705	default
7,200	121	695	147	704	default
51205K559	167	695	221	704	default
$38.81	240	695	271	704	default
9/160-18	66	704	102	715	default
7,200	121	704	147	714	default
51205K561	167	704	221	714	default
46.34	245	704	271	714	default
3/40-16	66	714	97	724	default
6,000	121	714	147	724	default
51205K562	167	714	221	724	default
51.96	245	714	271	724	default
7/80-14	66	724	97	734	default
4,800	121	724	147	734	default
51205K563	167	724	221	734	default
91.38	245	724	271	734	default
11/160-12	60	733	102	744	default
4,800	121	734	147	743	default
51205K564	167	734	221	743	default
96.37	245	734	271	743	default
##LTFigure##	200	126	251	155	default
##LTFigure##	542	126	595	153	default
##LTFigure##	202	236	250	268	default
##LTFigure##	656	463	729	495	default
##LTFigure##	676	806	730	835	default
##LTFigure##	372	629	419	659	default
##LTFigure##	595	633	637	659	default
##LTFigure##	142	629	193	660	default
