15	709	960	729	973	default
Stainless	397	29	492	48	default
Steel	498	29	551	48	default
Pipe	558	29	604	48	default
Fittings	610	29	689	48	default
Medium-Pressure	60	56	207	72	default
Stainless	212	56	287	72	default
Steel	292	56	334	72	default
Threaded	340	56	418	72	default
Pipe	423	56	459	72	default
Fittings	465	56	527	72	default
•	63	96	68	104	default
Maximum	71	94	117	104	default
Pressure:	120	94	163	104	default
1,000	166	94	192	104	default
psi	195	94	209	104	default
@	211	94	220	104	default
72°	223	94	238	104	default
F;	240	94	249	104	default
650	71	104	88	114	default
psi	91	104	105	114	default
@	108	104	116	114	default
350°	119	104	140	114	default
F	142	104	148	114	default
for	150	104	163	114	default
steam	166	104	194	114	default
•	64	86	68	94	default
Use	71	85	90	94	default
with	92	85	112	94	default
air,	115	85	128	94	default
natural	131	85	162	94	default
gas,	165	85	185	94	default
oil,	188	85	201	94	default
steam,	204	85	236	94	default
water	239	85	264	94	default
These	332	88	360	98	default
Class	363	88	389	98	default
1000	392	88	415	98	default
fittings	418	88	449	98	default
meet	452	88	475	98	default
ANSI/MSS	478	88	528	98	default
SP-114	531	88	566	98	default
and	568	88	586	98	default
ASTM	589	88	617	98	default
A182	620	88	644	98	default
Pipe	79	121	99	131	default
Size	102	121	122	131	default
304	231	121	249	131	default
Stainless	204	131	249	140	default
Steel	252	131	277	140	default
316	327	121	344	131	default
Stainless	299	131	344	140	default
Steel	347	131	372	140	default
(A)	60	131	73	140	default
(B)	128	131	141	140	default
1/4	66	143	78	153	default
1/8	128	143	139	153	default
4464K371	196	143	244	153	default
$5.67	259	143	285	153	default
4452K581	294	143	342	153	default
$8.38	360	143	386	153	default
3/8	66	153	78	162	default
1/8	128	153	139	162	default
4464K651	196	153	244	163	default
6.69	264	153	285	162	default
4452K811	294	153	342	163	default
9.97	365	153	386	162	default
3/8	66	162	78	172	default
1/4	128	162	139	172	default
4464K372	196	163	244	172	default
6.69	264	162	285	172	default
4452K582	294	163	342	172	default
9.97	365	162	386	172	default
1/2	66	172	78	182	default
1/8	128	172	139	182	default
4464K434	196	172	244	182	default
8.28	264	172	285	182	default
4452K591	294	172	342	182	default
13.57	360	172	386	182	default
1/2	66	182	78	192	default
1/4	128	182	139	192	default
4464K652	196	182	244	192	default
8.28	264	182	285	192	default
4452K812	294	182	342	192	default
13.57	360	182	386	192	default
1/2	66	192	78	201	default
3/8	128	192	139	201	default
4464K373	196	192	244	201	default
8.28	264	192	285	201	default
4452K583	294	192	342	201	default
13.57	360	192	386	201	default
3/4	66	204	78	214	default
1/8	128	204	139	214	default
4464K435	196	204	244	214	default
10.73	259	204	285	214	default
4452K592	294	204	342	214	default
16.18	360	204	386	214	default
3/4	66	214	78	224	default
1/4	128	214	139	224	default
4464K436	196	214	244	224	default
12.16	259	214	285	224	default
4452K813	294	214	342	224	default
16.18	360	214	386	224	default
3/4	66	223	78	233	default
3/8	128	223	139	233	default
4464K653	196	224	244	233	default
10.73	259	224	285	233	default
4452K814	294	224	342	233	default
17.31	360	224	386	233	default
3/4	66	233	78	243	default
1/2	128	233	139	243	default
4464K374	196	233	244	243	default
10.73	259	233	285	243	default
4452K584	294	233	342	243	default
17.31	360	233	386	243	default
1	60	246	66	256	default
1/8	128	246	139	256	default
4464K437	196	246	244	256	default
18.74	259	246	285	256	default
4452K594	294	246	342	256	default
28.68	360	246	386	256	default
1	60	256	66	265	default
1/4	128	255	139	265	default
4464K438	196	256	244	265	default
20.19	259	256	285	265	default
4452K815	294	256	342	265	default
28.68	360	256	386	265	default
1	60	265	66	275	default
3/8	128	265	139	275	default
4464K439	196	265	244	275	default
21.70	259	265	285	275	default
4452K816	294	265	342	275	default
26.80	360	265	386	275	default
1	60	275	66	285	default
1/2	128	275	139	285	default
4464K654	196	275	244	285	default
18.74	259	275	285	285	default
4452K817	294	275	342	285	default
28.68	360	275	386	285	default
1	60	285	66	294	default
3/4	128	285	139	294	default
4464K375	196	285	244	294	default
18.74	259	285	285	294	default
4452K585	294	285	342	294	default
28.68	360	285	386	294	default
11/4	60	297	78	307	default
1/8	128	297	139	307	default
4464K441	196	297	244	307	default
36.04	259	297	285	307	default
11/4	60	307	78	317	default
1/4	128	307	139	317	default
4464K442	196	307	244	317	default
36.04	259	307	285	317	default
4452K596	294	307	342	317	default
45.07	360	307	386	317	default
11/4	60	317	78	326	default
3/8	128	317	139	326	default
4464K443	196	317	244	326	default
36.04	259	317	285	326	default
4452K597	294	317	342	326	default
45.07	360	317	386	326	default
11/4	60	326	78	336	default
1/2	128	326	139	336	default
4464K444	196	326	244	336	default
36.04	259	326	285	336	default
4452K819	294	326	342	336	default
48.22	360	326	386	336	default
11/4	60	336	78	346	default
3/4	128	336	139	346	default
4464K655	196	336	244	346	default
36.04	259	336	285	346	default
4452K598	294	336	342	346	default
45.07	360	336	386	346	default
Pipe	423	121	444	131	default
Size	446	121	466	131	default
304	569	121	586	131	default
Stainless	541	131	586	140	default
Steel	589	131	614	140	default
316	673	121	690	131	default
Stainless	645	131	690	140	default
Steel	693	131	718	140	default
(A)	404	131	416	140	default
(B)	467	131	479	140	default
11/4	404	143	421	153	default
1	467	143	472	153	default
4464K376	530	143	578	153	default
$36.04	593	143	625	153	default
4452K586	634	143	682	153	default
$48.22	697	143	729	153	default
11/2	404	153	421	162	default
1/8	472	153	484	162	default
4464K445	530	153	578	163	default
42.14	599	153	625	162	default
4452K599	634	153	682	163	default
51.14	703	153	729	162	default
11/2	404	162	421	172	default
1/4	472	162	484	172	default
4464K446	530	163	578	172	default
42.14	599	162	625	172	default
4452K639	634	163	682	172	default
51.46	703	162	729	172	default
11/2	404	172	421	182	default
3/8	472	172	484	182	default
4464K447	530	172	578	182	default
42.14	599	172	625	182	default
4452K641	634	172	682	182	default
51.79	703	172	729	182	default
11/2	404	185	421	194	default
1/2	472	185	484	194	default
4464K448	530	185	578	194	default
42.14	599	185	625	194	default
4452K642	634	185	682	194	default
55.77	703	185	729	194	default
11/2	404	194	421	204	default
3/4	472	194	484	204	default
4464K131	530	194	578	204	default
42.14	599	194	625	204	default
4452K643	634	194	682	204	default
56.13	703	194	729	204	default
11/2	404	204	421	214	default
1	467	204	472	214	default
4464K656	530	204	578	214	default
42.14	599	204	625	214	default
4452K822	634	204	682	214	default
56.50	703	204	729	214	default
11/2	404	214	421	224	default
11/4	467	214	484	224	default
4464K377	530	214	578	224	default
42.14	599	214	625	224	default
4452K587	634	214	682	224	default
54.38	703	214	729	224	default
2	404	226	409	236	default
3/8	472	226	484	236	default
4464K452	530	226	578	236	default
65.72	599	226	625	236	default
4452K646	634	226	682	236	default
81.95	703	226	729	236	default
2	404	236	409	246	default
1/2	472	236	484	246	default
4464K453	530	236	578	246	default
65.72	599	236	625	246	default
4452K647	634	236	682	246	default
77.49	703	236	729	246	default
2	404	246	409	256	default
3/4	472	246	484	256	default
4464K454	530	246	578	256	default
65.72	599	246	625	256	default
4452K648	634	246	682	256	default
83.91	703	246	729	256	default
2	404	256	409	265	default
1	467	256	472	265	default
4464K132	530	256	578	265	default
65.72	599	256	625	265	default
4452K823	634	256	682	265	default
84.92	703	256	729	265	default
2	404	265	409	275	default
11/4	467	265	484	275	default
4464K657	530	265	578	275	default
65.72	599	265	625	275	default
4452K649	634	265	682	275	default
85.95	703	265	729	275	default
2	404	275	409	285	default
11/2	467	275	484	285	default
4464K378	530	275	578	285	default
65.73	599	275	625	285	default
4452K588	634	275	682	285	default
88.10	703	275	729	285	default
21/2	404	287	421	297	default
2	467	287	472	297	default
4464K394	530	288	578	297	default
130.65	593	287	625	297	default
4452K661	634	288	682	297	default
190.58	697	287	729	297	default
3	404	297	409	307	default
1	467	297	472	307	default
4464K456	530	297	578	307	default
202.38	593	297	625	307	default
4452K654	634	297	682	307	default
236.83	697	297	729	307	default
3	404	307	409	317	default
2	467	307	472	317	default
4464K395	530	307	578	317	default
204.92	593	307	625	317	default
4452K589	634	307	682	317	default
256.77	697	307	729	317	default
3	404	317	409	326	default
21/2	467	317	484	326	default
4464K457	530	317	578	326	default
209.02	593	317	625	326	default
4452K655	634	317	682	326	default
244.27	697	317	729	326	default
4	404	326	409	336	default
2	467	326	472	336	default
4464K458	530	326	578	336	default
304.70	593	326	625	336	default
4452K657	634	326	682	336	default
398.74	697	326	729	336	default
4	404	336	409	346	default
3	467	336	472	346	default
4464K396	530	336	578	346	default
241.10	593	336	625	346	default
4452K593	634	336	682	346	default
377.05	697	336	729	346	default
NPT	60	73	81	83	default
Reducers—304	84	73	160	83	default
and	162	73	180	83	default
316	183	73	200	83	default
Stainless	203	73	245	83	default
Steel	248	73	271	83	default
A	675	103	681	111	default
B	719	91	725	99	default
•	63	365	68	373	default
Use	71	364	89	374	default
with	92	364	111	374	default
air,	114	364	127	374	default
steam,	130	364	162	374	default
water	165	364	190	374	default
These	71	416	99	426	default
Class	105	416	131	426	default
150	137	416	155	426	default
fittings	160	416	192	426	default
meet	198	416	221	426	default
ANSI/ASME	227	416	284	426	default
B1.20.1,	290	416	329	426	default
ANSI/MSS	335	416	386	426	default
SP-114,	60	426	98	436	default
ASTM	101	426	130	436	default
B351,	132	426	160	436	default
and	163	426	180	436	default
ASTM	183	426	212	436	default
B473	214	426	239	436	default
•	63	375	68	383	default
Max	71	374	91	384	default
pressure:	97	374	140	384	default
1/4-3/8	71	383	98	393	default
Pipe	101	384	122	393	default
Size	125	384	144	393	default
(A):	147	384	162	393	default
Not	165	384	182	393	default
Rated	185	384	212	393	default
1/2-1	71	393	92	403	default
Pipe	95	393	116	403	default
Size	119	393	138	403	default
(A):	141	393	156	403	default
300	159	393	177	403	default
psi	179	393	193	403	default
@	196	393	204	403	default
72°	207	393	223	403	default
F;	224	393	233	403	default
150	71	403	88	413	default
psi	91	403	105	413	default
@	108	403	116	413	default
360°	119	403	140	413	default
F	142	403	148	413	default
for	150	403	163	413	default
steam	166	403	194	413	default
Pipe	79	481	99	491	default
Size	102	481	122	491	default
(A)	60	491	73	501	default
(B)	128	491	140	501	default
1/4	66	504	78	513	default
1/8	128	504	139	513	default
2698K96	294	504	336	513	default
$36.10	354	504	386	513	default
3/8	66	513	78	523	default
1/4	128	513	139	523	default
2698K95	294	513	336	523	default
36.10	360	513	386	523	default
1/2	66	523	78	533	default
1/4	128	523	139	533	default
2698K31	294	523	336	533	default
34.06	360	523	386	533	default
3/4	66	533	78	543	default
1/2	128	533	139	543	default
2698K32	294	533	336	543	default
42.15	360	533	386	543	default
1	60	543	66	552	default
3/4	128	542	139	552	default
2698K33	294	543	336	552	default
70.98	360	543	386	552	default
NPT	60	352	81	362	default
Reducers—Alloy	84	352	165	362	default
20	168	352	179	362	default
Stainless	182	352	224	362	default
Steel	227	352	250	362	default
Bushings,	163	472	212	481	default
Male	214	472	238	481	default
@	239	473	247	481	default
Female	247	472	283	481	default
B	236	445	243	454	default
A	203	456	209	464	default
BBB	236	445	243	454	default
A	203	456	209	464	default
(Cont	534	59	565	70	default
from	572	59	598	70	default
previous	602	59	650	70	default
page)	653	59	685	70	default
NPT	404	352	425	362	default
Connectors	427	352	485	362	default
with	488	352	509	362	default
Intermittent	512	352	570	362	default
Swivel—316	573	352	633	362	default
Stainless	636	352	678	362	default
Steel	681	352	704	362	default
•	406	375	411	383	default
Maximum	414	374	460	383	default
Pressure:	463	374	506	383	default
1,000	509	374	535	383	default
psi	538	374	552	383	default
@	555	374	563	383	default
72°	566	374	581	383	default
F	583	374	589	383	default
•	406	365	411	373	default
Use	414	364	432	374	default
with	435	364	454	374	default
coolant,	457	364	495	374	default
natural	497	364	529	374	default
gas,	532	364	552	374	default
water	555	364	580	374	default
Pipe	404	480	424	490	default
Size	404	490	423	499	default
90°	550	490	566	499	default
Elbows	569	490	605	499	default
Straights	654	490	699	499	default
1	404	502	409	512	default
53965K34	530	502	578	512	default
$566.04	587	502	625	512	default
53965K84	634	502	682	512	default
$535.85	691	502	729	512	default
11/2	404	512	421	522	default
53965K39	530	512	578	522	default
835.85	593	512	625	522	default
53965K89	634	512	682	522	default
815.09	697	512	729	522	default
The	414	391	432	401	default
ball	436	391	452	401	default
bearings	456	391	497	401	default
in	501	391	509	401	default
these	513	391	539	401	default
fittings	543	391	575	401	default
rotate	579	391	607	401	default
360°	610	391	632	401	default
as	636	391	647	401	default
needed	651	391	687	401	default
to	691	391	700	401	default
allow	704	391	729	401	default
movement	404	401	453	410	default
in	456	401	464	410	default
a	467	401	472	410	default
rigid	475	401	495	410	default
metal	498	401	524	410	default
piping	527	401	555	410	default
system	558	401	592	410	default
•	63	584	68	591	default
Maximum	71	582	117	592	default
Pressure:	120	582	163	592	default
500	166	582	183	592	default
psi	186	582	200	592	default
@	203	582	211	592	default
72°	214	582	230	592	default
F;	231	582	240	592	default
100	71	592	88	602	default
psi	91	592	105	602	default
@	108	592	116	602	default
350°	119	592	140	602	default
F	142	592	148	602	default
for	150	592	163	602	default
steam	166	592	194	602	default
•	63	574	68	582	default
Use	71	572	89	582	default
with	92	572	111	582	default
air,	114	572	127	582	default
coolant,	130	572	168	582	default
natural	171	572	202	582	default
gas,	205	572	225	582	default
oil,	228	572	241	582	default
steam,	244	572	276	582	default
water	278	572	304	582	default
Thread	60	561	95	570	default
Adapters,	98	561	146	570	default
Female	149	561	185	570	default
@	185	562	193	570	default
Male—316	194	561	246	570	default
Stainless	248	561	290	570	default
Steel	293	561	317	570	default
Pipe	60	617	81	627	default
Size	60	627	80	636	default
NPT	261	627	282	636	default
@	282	628	290	636	default
BSPT	290	627	318	636	default
NPT	364	627	385	636	default
@	386	628	394	636	default
BSPP	394	627	422	636	default
BSPT	469	627	496	636	default
@	496	628	504	636	default
NPT	505	627	526	636	default
BSPP	572	627	600	636	default
@	600	628	609	636	default
NPT	609	627	630	636	default
1/16	66	639	82	649	default
1456N126	242	639	290	649	default
$11.75	305	639	337	649	default
1456N134	346	639	394	649	default
$13.00	409	639	441	649	default
1456N111	450	639	498	649	default
$11.75	513	639	545	649	default
1456N118	554	639	602	649	default
$11.75	617	639	649	649	default
1/8	66	649	78	659	default
.1456N127	238	649	290	659	default
13.13	311	649	337	659	default
1456N135	346	649	394	659	default
14.38	415	649	441	659	default
1456N112	450	649	498	659	default
13.13	519	649	545	659	default
1456N119	554	649	602	659	default
13.13	623	649	649	659	default
1/4	66	659	78	669	default
.1456N128	238	659	290	669	default
17.25	311	659	337	669	default
1456N136	346	659	394	669	default
18.50	415	659	441	669	default
1456N113	450	659	498	669	default
17.25	519	659	545	669	default
1456N121	554	659	602	669	default
17.25	623	659	649	669	default
3/8	66	668	78	678	default
.1456N129	238	668	290	678	default
18.38	311	669	337	678	default
1456N137	346	669	394	678	default
19.63	415	669	441	678	default
1456N114	450	669	498	678	default
18.38	519	669	545	678	default
1456N122	554	669	602	678	default
18.38	623	669	649	678	default
1/2	66	678	78	688	default
.1456N131	238	678	290	688	default
25.88	311	678	337	688	default
1456N138	346	678	394	688	default
27.13	415	678	441	688	default
1456N115	450	678	498	688	default
25.88	519	678	545	688	default
1456N123	554	678	602	688	default
25.88	623	678	649	688	default
3/4	66	688	78	698	default
.1456N132	238	688	290	698	default
37.50	311	688	337	698	default
1456N139	346	688	394	698	default
38.75	415	688	441	698	default
1456N116	450	688	498	698	default
37.50	519	688	545	698	default
1456N124	554	688	602	698	default
37.50	623	688	649	698	default
1	60	698	66	707	default
1456N133	242	698	290	707	default
62.50	311	698	337	707	default
1456N141	346	698	394	707	default
63.75	415	698	441	707	default
1456N117	450	698	498	707	default
62.50	519	698	545	707	default
1456N125	554	698	602	707	default
62.50	623	698	649	707	default
Also	332	572	352	582	default
known	356	572	386	582	default
as	389	572	400	582	default
Class	403	572	429	582	default
150	432	572	450	582	default
fittings	453	572	484	582	default
They	490	572	512	582	default
meet	515	572	539	582	default
ASTM	542	572	570	582	default
314,	573	572	594	582	default
ASTM	597	572	625	582	default
320,	628	572	649	582	default
and	322	582	339	592	default
ASTM	342	582	371	592	default
A582	374	582	398	592	default
BSPP	332	592	360	602	default
male	363	592	385	602	default
threads	388	592	423	602	default
have	425	592	448	602	default
a	450	592	456	602	default
fluoroelastomer	459	592	531	602	default
gasket	533	592	564	602	default
to	567	592	576	602	default
protect	579	592	612	602	default
against	615	592	649	602	default
leaks	322	602	346	611	default
A	667	750	673	758	default
B	721	736	728	745	default
•	63	740	68	747	default
Maximum	71	738	117	748	default
Pressure:	120	738	163	748	default
500	166	738	183	748	default
psi	186	738	200	748	default
@	203	738	211	748	default
72°	214	738	230	748	default
F;	231	738	240	748	default
100	71	748	88	758	default
psi	91	748	105	758	default
@	108	748	116	758	default
350°	119	748	140	758	default
F	142	748	148	758	default
for	150	748	163	758	default
steam	166	748	194	758	default
•	63	730	68	738	default
Use	71	728	89	738	default
with	92	728	111	738	default
air,	114	728	127	738	default
coolant,	130	728	168	738	default
natural	171	728	202	738	default
gas,	205	728	225	738	default
oil,	228	728	241	738	default
steam,	244	728	276	738	default
water	278	728	304	738	default
Also	332	728	353	738	default
known	356	728	387	738	default
as	390	728	401	738	default
Class	405	728	431	738	default
150	434	728	451	738	default
fittings	455	728	486	738	default
Fittings	492	728	527	738	default
meet	530	728	554	738	default
ASTM	557	728	586	738	default
A314,	589	728	616	738	default
ASTM	620	728	649	738	default
A320,	322	738	349	748	default
and	352	738	369	748	default
ASTM	372	738	401	748	default
A582	404	738	428	748	default
BSPP	332	748	360	758	default
male	363	748	385	758	default
threads	388	748	423	758	default
have	425	748	448	758	default
a	450	748	456	758	default
fluoroelastomer	459	748	531	758	default
gasket	533	748	565	758	default
to	567	748	576	758	default
protect	579	748	612	758	default
against	615	748	649	758	default
leaks	322	758	346	767	default
Reducing	60	717	108	726	default
Thread	110	717	145	726	default
Adapters,	148	717	196	726	default
Female	199	717	235	726	default
@	235	718	244	726	default
Male—316	244	717	296	726	default
Stainless	299	717	341	726	default
Steel	343	717	367	726	default
Pipe	84	773	104	783	default
Size	107	773	126	783	default
NPT	261	783	282	792	default
@	282	784	290	792	default
BSPT	290	783	318	792	default
NPT	364	783	385	792	default
@	386	784	394	792	default
BSPP	394	783	422	792	default
BSPT	464	783	491	792	default
@	492	784	500	792	default
NPT	500	783	521	792	default
BSPP	568	783	596	792	default
@	596	784	604	792	default
NPT	605	783	626	792	default
(A)	60	783	73	792	default
(B)	128	783	140	792	default
1/16	60	795	76	805	default
1/8	134	795	145	805	default
1456N235	242	795	290	805	default
$13.13	305	795	337	805	default
1456N282	346	795	394	805	default
$14.38	409	795	441	805	default
1456N142	450	795	498	805	default
$13.13	513	795	545	805	default
1456N188	554	795	602	805	default
$13.13	617	795	649	805	default
1/16	60	805	76	815	default
1/4	134	805	145	815	default
1456N236	242	805	290	815	default
17.25	311	805	337	815	default
1456N283	346	805	394	815	default
18.50	415	805	441	815	default
1456N143	450	805	498	815	default
17.25	519	805	545	815	default
1456N189	554	805	602	815	default
17.25	623	805	649	815	default
1/16	60	815	76	824	default
3/8	134	815	145	824	default
1456N237	242	815	290	824	default
18.38	311	815	337	824	default
1456N284	346	815	394	824	default
19.63	415	815	441	824	default
1456N144	450	815	498	824	default
18.38	519	815	545	824	default
1456N191	554	815	602	824	default
18.38	623	815	649	824	default
1/16	60	824	76	834	default
1/2	134	824	145	834	default
1456N238	242	824	290	834	default
25.88	311	824	337	834	default
1456N285	346	824	394	834	default
27.13	415	824	441	834	default
1456N145	450	824	498	834	default
25.88	519	824	545	834	default
1456N192	554	824	602	834	default
25.88	623	824	649	834	default
1/16	60	834	76	844	default
3/4	134	834	145	844	default
1456N239	242	834	290	844	default
37.50	311	834	337	844	default
1456N286	346	834	394	844	default
38.75	415	834	441	844	default
1456N146	450	834	498	844	default
37.50	519	834	545	844	default
1456N193	554	834	602	844	default
37.50	623	834	649	844	default
1/16	60	844	76	854	default
1	128	844	134	854	default
1456N241	242	844	290	854	default
62.50	311	844	337	854	default
1456N287	346	844	394	854	default
63.75	415	844	441	854	default
1456N147	450	844	498	854	default
62.50	519	844	545	854	default
1456N194	554	844	602	854	default
62.50	623	844	649	854	default
1/8	60	856	72	866	default
1/16	134	856	150	866	default
1456N242	242	856	290	866	default
13.13	311	856	337	866	default
1456N288	346	856	394	866	default
14.38	415	856	441	866	default
1456N148	450	856	498	866	default
13.13	519	856	545	866	default
1456N195	554	856	602	866	default
13.13	623	856	649	866	default
1/8	60	866	72	876	default
1/4	134	866	145	876	default
1456N243	242	866	290	876	default
17.25	311	866	337	876	default
1456N289	346	866	394	876	default
18.50	415	866	441	876	default
1456N149	450	866	498	876	default
17.25	519	866	545	876	default
1456N196	554	866	602	876	default
17.25	623	866	649	876	default
1/8	60	876	72	886	default
3/8	134	876	145	886	default
1456N244	242	876	290	886	default
18.38	311	876	337	886	default
1456N291	346	876	394	886	default
19.63	415	876	441	886	default
1456N151	450	876	498	886	default
18.38	519	876	545	886	default
1456N197	554	876	602	886	default
18.38	623	876	649	886	default
1/8	60	885	72	895	default
1/2	134	885	145	895	default
1456N245	242	886	290	895	default
25.88	311	886	337	895	default
1456N292	346	886	394	895	default
27.13	415	886	441	895	default
1456N152	450	886	498	895	default
25.88	519	886	545	895	default
1456N198	554	886	602	895	default
25.88	623	886	649	895	default
1/8	60	895	72	905	default
3/4	134	895	145	905	default
1456N246	242	895	290	905	default
37.50	311	895	337	905	default
1456N293	346	895	394	905	default
38.75	415	895	441	905	default
1456N153	450	895	498	905	default
37.50	519	895	545	905	default
1456N199	554	895	602	905	default
37.50	623	895	649	905	default
1/8	60	905	72	915	default
1	128	905	134	915	default
1456N247	242	905	290	915	default
62.50	311	905	337	915	default
1456N294	346	905	394	915	default
63.75	415	905	441	915	default
1456N154	450	905	498	915	default
62.50	519	905	545	915	default
1456N201	554	905	602	915	default
62.50	623	905	649	915	default
1/4	60	917	72	927	default
1/16	134	917	150	927	default
1456N248	242	918	290	927	default
17.25	311	918	337	927	default
1456N295	346	918	394	927	default
18.50	415	918	441	927	default
1456N155	450	918	498	927	default
17.25	519	918	545	927	default
1456N202	554	918	602	927	default
17.25	623	918	649	927	default
1/4	60	927	72	937	default
1/8	134	927	145	937	default
1456N249	242	927	290	937	default
17.25	311	927	337	937	default
1456N296	346	927	394	937	default
18.50	415	927	441	937	default
1456N156	450	927	498	937	default
17.25	519	927	545	937	default
1456N203	554	927	602	937	default
17.25	623	927	649	937	default
(Continued	309	943	372	954	default
on	375	943	390	954	default
following	393	943	445	954	default
page)	448	943	480	954	default
##LTFigure##	682	86	729	116	default
##LTFigure##	208	442	244	466	default
##LTFigure##	236	445	242	452	default
##LTFigure##	208	456	210	463	default
##LTFigure##	649	452	709	484	default
##LTFigure##	550	439	609	488	default
##LTFigure##	676	732	728	766	default
##LTFigure##	676	574	727	603	default
