39	709	960	729	973	default
Stainless	376	29	470	48	default
Steel	477	29	530	48	default
Pipe	537	29	583	48	default
&	589	29	604	48	default
Fittings	610	29	689	48	default
Welded	376	178	413	188	default
Pipe	60	188	81	197	default
Size	60	197	80	207	default
10	203	197	213	207	default
11/20	233	197	254	207	default
20	288	197	297	207	default
21/20	319	197	340	207	default
30	376	197	386	207	default
40	420	197	429	207	default
50	463	197	472	207	default
60	506	197	515	207	default
80	549	197	558	207	default
100	582	197	598	207	default
1	619	197	625	207	default
ft	628	197	634	207	default
3	664	197	669	207	default
ft	672	197	679	207	default
6	711	197	717	207	default
ft	720	197	726	207	default
1/8	66	210	78	219	default
.44635K22	107	210	159	219	default
$1.61	186	210	213	219	default
$2.08	228	210	254	219	default
$2.41	271	210	297	219	default
$2.74	314	210	340	219	default
$3.15	360	210	386	219	default
$3.92	403	210	429	219	default
$4.61	446	210	472	219	default
$5.38	489	210	515	219	default
$7.00	532	210	558	219	default
$8.49	571	210	598	219	default
$5.70	611	210	637	219	default
$10.58	650	210	681	219	default
$16.28	697	210	729	219	default
1/4	66	219	78	229	default
.44635K23	107	219	159	229	default
1.86	192	219	213	229	default
2.24	234	219	254	229	default
2.63	277	219	297	229	default
3.07	320	219	340	229	default
3.51	365	219	386	229	default
4.57	409	219	429	229	default
5.49	452	219	472	229	default
6.40	495	219	515	229	default
8.38	538	219	558	229	default
10.29	571	219	598	229	default
6.53	617	219	637	229	default
12.14	655	219	681	229	default
18.67	703	219	729	229	default
3/8	66	229	78	239	default
.44635K24	107	229	159	239	default
2.19	192	229	213	239	default
2.57	234	229	254	239	default
3.07	277	229	297	239	default
3.59	320	229	340	239	default
4.13	365	229	386	239	default
5.34	409	229	429	239	default
6.40	452	229	472	239	default
7.50	495	229	515	239	default
9.92	538	229	558	239	default
12.19	571	229	598	239	default
7.79	617	229	637	239	default
14.48	655	229	681	239	default
22.27	703	229	729	239	default
1/2	66	239	78	249	default
.44635K25	107	239	159	249	default
2.68	192	239	213	249	default
3.15	234	239	254	249	default
3.66	277	239	297	249	default
4.35	320	239	340	249	default
4.98	365	239	386	249	default
6.51	409	239	429	249	default
7.83	452	239	472	249	default
9.19	495	239	515	249	default
12.16	532	239	558	249	default
14.96	571	239	598	249	default
7.64	617	239	637	249	default
14.20	655	239	681	249	default
21.84	703	239	729	249	default
3/4	66	248	78	258	default
.44635K26	107	248	159	258	default
3.33	192	249	213	258	default
3.51	234	249	254	258	default
4.10	277	249	297	258	default
4.83	320	249	340	258	default
5.56	365	249	386	258	default
7.22	409	249	429	258	default
8.71	452	249	472	258	default
10.18	489	249	515	258	default
13.43	532	249	558	258	default
16.55	571	249	598	258	default
12.88	611	249	637	258	default
23.93	655	249	681	258	default
36.81	703	249	729	258	default
1	60	261	66	271	default
44635K27	111	261	159	271	default
4.46	234	261	254	271	default
5.42	277	261	297	271	default
6.34	320	261	340	271	default
7.28	365	261	386	271	default
9.52	409	261	429	271	default
11.53	446	261	472	271	default
13.47	489	261	515	271	default
17.90	532	261	558	271	default
22.07	571	261	598	271	default
20.50	611	261	637	271	default
38.07	655	261	681	271	default
58.57	703	261	729	271	default
11/4	60	271	78	281	default
.44635K28	107	271	159	281	default
5.93	234	271	254	281	default
6.89	277	271	297	281	default
8.02	320	271	340	281	default
9.30	365	271	386	281	default
12.15	403	271	429	281	default
14.60	446	271	472	281	default
17.13	489	271	515	281	default
22.58	532	271	558	281	default
27.93	571	271	598	281	default
23.74	611	271	637	281	default
44.08	655	271	681	281	default
67.82	703	271	729	281	default
11/2	60	280	78	290	default
.44635K29	107	280	159	290	default
6.89	234	281	254	290	default
7.62	277	281	297	290	default
8.78	320	281	340	290	default
10.21	360	281	386	290	default
13.36	403	281	429	290	default
16.14	446	281	472	290	default
18.93	489	281	515	290	default
25.03	532	281	558	290	default
30.93	571	281	598	290	default
36.54	611	281	637	290	default
67.85	655	281	681	290	default
104.39	697	281	729	290	default
2	60	290	66	300	default
44635K31	111	290	159	300	default
10.62	271	290	297	300	default
11.46	314	290	340	300	default
13.00	360	290	386	300	default
17.10	403	290	429	300	default
20.67	446	290	472	300	default
24.27	489	290	515	300	default
32.35	532	290	558	300	default
43.63	571	290	598	300	default
51.26	611	290	637	300	default
95.19	655	290	681	300	default
146.45	697	290	729	300	default
21/2	60	300	78	310	default
.44635K32	107	300	159	310	default
21.05	314	300	340	310	default
23.79	360	300	386	310	default
28.07	403	300	429	310	default
34.84	446	300	472	310	default
37.85	489	300	515	310	default
52.81	532	300	558	310	default
64.45	571	300	598	310	default
53.08	611	300	637	310	default
98.58	655	300	681	310	default
151.66	697	300	729	310	default
3	60	313	66	322	default
44635K33	111	313	159	322	default
29.24	314	313	340	322	default
29.89	360	313	386	322	default
37.30	403	313	429	322	default
43.92	446	313	472	322	default
47.76	489	313	515	322	default
69.10	532	313	558	322	default
84.00	571	313	598	322	default
64.56	611	313	637	322	default
119.89	650	313	681	322	default
184.45	697	313	729	322	default
4	60	322	66	332	default
44635K34	111	322	159	332	default
33.13	314	322	340	332	default
35.20	360	322	386	332	default
46.39	403	322	429	332	default
54.80	446	322	472	332	default
60.03	489	322	515	332	default
86.64	532	322	558	332	default
105.68	566	322	598	332	default
64.63	611	322	637	332	default
155.12	650	322	681	332	default
258.53	697	322	729	332	default
6	60	332	66	342	default
44635K35	111	332	159	342	default
214.27	354	332	386	342	default
264.87	397	332	429	342	default
331.16	440	332	472	342	default
362.15	483	332	515	342	default
424.20	526	332	558	342	default
486.19	566	332	598	342	default
134.16	605	332	637	342	default
249.15	650	332	681	342	default
383.31	697	332	729	342	default
8	60	342	66	351	default
44635K11	111	342	159	351	default
152.81	605	342	637	351	default
339.59	650	342	681	351	default
565.98	697	342	729	351	default
•	63	123	68	131	default
Flanges:	71	122	110	131	default
Use	113	122	131	131	default
unthreaded	134	122	187	131	default
Class	190	122	216	131	default
150	219	122	236	131	default
low-	239	122	259	131	default
pressure	71	131	111	141	default
stainless	114	131	154	141	default
steel	157	131	179	141	default
(see	182	131	201	141	default
pages	204	131	232	141	default
37-38)	235	131	265	141	default
•	63	84	68	92	default
Fittings:	71	83	108	93	default
Use	111	83	129	93	default
butt-weld	132	83	176	93	default
Schedule	179	83	223	93	default
40	226	83	237	93	default
standard-wall	71	93	134	102	default
stainless	137	93	177	102	default
steel	180	93	202	102	default
(see	205	93	224	102	default
page	227	93	250	102	default
36)	253	93	267	102	default
and	71	102	88	112	default
socket-connect	91	102	164	112	default
Class	167	102	193	112	default
150	195	102	213	112	default
low-pressure	216	102	276	112	default
stainless	71	112	111	122	default
steel	114	112	136	122	default
(see	139	112	158	122	default
page	161	112	184	122	default
37)	187	112	201	122	default
304/304L	60	163	105	172	default
Stainless	108	163	153	172	default
Steel	156	163	181	172	default
Standard-Wall	60	56	177	72	default
Stainless	182	56	257	72	default
Steel	262	56	304	72	default
Unthreaded	309	56	406	72	default
Pipe	411	56	448	72	default
Nipples	453	56	514	72	default
and	519	56	550	72	default
Pipe	555	56	591	72	default
Also	302	73	323	83	default
known	326	73	357	83	default
as	360	73	371	83	default
Schedule	374	73	418	83	default
40,	422	73	436	83	default
this	439	73	456	83	default
pipe	459	73	480	83	default
has	483	73	500	83	default
a	503	73	509	83	default
thicker	512	73	543	83	default
wall	547	73	565	83	default
than	568	73	589	83	default
our	592	73	607	83	default
thin-wall	292	83	331	93	default
stainless	334	83	374	93	default
steel	377	83	399	93	default
unthreaded	402	83	455	93	default
pipe	457	83	477	93	default
Weld	483	83	506	93	default
it	509	83	514	93	default
to	517	83	526	93	default
fittings	529	83	560	93	default
and	563	83	580	93	default
addi-	583	83	607	93	default
tional	292	93	317	102	default
lengths	319	93	352	102	default
of	355	93	364	102	default
pipe	366	93	386	102	default
Welded	392	93	426	102	default
connections	429	93	484	102	default
are	487	93	501	102	default
stronger	504	93	542	102	default
than	544	93	564	102	default
threaded	567	93	607	102	default
connections	292	102	349	112	default
and	352	102	369	112	default
less	372	102	390	112	default
likely	393	102	416	112	default
to	419	102	428	112	default
leak	431	102	450	112	default
Pipe	456	102	477	112	default
meets	480	102	508	112	default
ASTM	511	102	539	112	default
A312	542	102	566	112	default
304	302	112	320	122	default
stainless	325	112	370	122	default
steel	375	112	399	122	default
pipe	404	112	425	122	default
has	430	112	447	122	default
very	452	112	472	122	default
good	477	112	502	122	default
corrosion	507	112	551	122	default
resistance	556	112	605	122	default
316	292	122	309	131	default
stainless	312	122	356	131	default
steel	359	122	383	131	default
pipe	386	122	406	131	default
has	409	122	425	131	default
excellent	428	122	470	131	default
corrosion	472	122	516	131	default
resistance	519	122	566	131	default
Welded	302	131	339	141	default
pipe	342	131	362	141	default
has	365	131	381	141	default
a	384	131	390	141	default
weld	393	131	415	141	default
bead	417	131	441	141	default
on	444	131	455	141	default
the	458	131	473	141	default
inside	476	131	503	141	default
Seamless	509	131	557	141	default
pipe	559	131	580	141	default
has	582	131	599	141	default
a	602	131	607	141	default
smooth	292	141	326	151	default
interior	329	141	360	151	default
for	363	141	375	151	default
unrestricted	378	141	432	151	default
flow	435	141	454	151	default
and	456	141	473	151	default
is	476	141	483	151	default
stronger	486	141	524	151	default
than	526	141	547	151	default
welded	549	141	582	151	default
pipe	585	141	605	151	default
Seamless	371	356	419	366	default
Pipe	60	366	81	375	default
Size	60	375	80	385	default
1	279	375	285	385	default
ft	288	375	294	385	default
3	322	375	328	385	default
ft	331	375	337	385	default
6	368	375	374	385	default
ft	376	375	383	385	default
1/2	66	388	78	398	default
44985K71	186	388	234	398	default
$26.79	265	388	297	398	default
$70.63	309	388	340	398	default
$121.77	349	388	386	398	default
3/4	66	398	78	407	default
44985K72	186	398	234	407	default
31.93	271	398	297	407	default
84.18	314	398	340	407	default
145.14	354	398	386	407	default
1	60	407	66	417	default
44985K73	186	407	234	417	default
37.35	271	407	297	417	default
98.48	314	407	340	417	default
169.79	354	407	386	417	default
11/4	60	417	78	427	default
44985K74	186	417	234	427	default
49.00	271	417	297	427	default
129.19	309	417	340	427	default
222.74	354	417	386	427	default
11/2	60	427	78	437	default
44985K75	186	427	234	437	default
50.70	271	427	297	437	default
133.67	309	427	340	437	default
230.47	354	427	386	437	default
2	60	437	66	446	default
44985K76	186	437	234	446	default
59.13	271	437	297	446	default
155.90	309	437	340	446	default
268.79	354	437	386	446	default
Pipe	404	366	424	375	default
Size	404	375	423	385	default
1	619	375	625	385	default
ft	628	375	634	385	default
3	664	375	669	385	default
ft	672	375	679	385	default
6	711	375	717	385	default
ft	720	375	726	385	default
21/2	404	388	421	398	default
44985K77	527	388	575	398	default
$97.48	605	388	637	398	default
$256.99	644	388	681	398	default
$443.09	691	388	729	398	default
3	404	398	409	407	default
44985K78	527	398	575	407	default
112.93	605	398	637	407	default
297.74	650	398	681	407	default
513.34	697	398	729	407	default
4	404	407	409	417	default
44985K79	527	407	575	417	default
132.80	605	407	637	417	default
350.10	650	407	681	417	default
603.62	697	407	729	417	default
6	404	417	409	427	default
44985K81	527	417	575	427	default
175.79	605	417	637	427	default
488.30	650	417	681	427	default
976.60	697	417	729	427	default
8	404	427	409	437	default
44985K11	527	427	575	437	default
281.18	605	427	637	437	default
741.29	650	427	681	437	default
1,278.08	688	427	729	437	default
Welded	376	468	413	478	default
Pipe	60	477	81	487	default
Size	60	487	80	497	default
1	279	487	285	497	default
ft	288	487	294	497	default
3	322	487	328	497	default
ft	331	487	337	497	default
6	368	487	374	497	default
ft	376	487	383	497	default
1/8	66	499	78	509	default
44635K71	186	500	234	509	default
$16.66	266	500	297	509	default
$30.95	309	500	340	509	default
$47.61	354	500	386	509	default
1/4	66	509	78	519	default
44635K72	186	509	234	519	default
18.62	271	509	297	519	default
34.58	314	509	340	519	default
53.20	360	509	386	519	default
3/8	66	519	78	529	default
44635K73	186	519	234	529	default
20.29	271	519	297	529	default
37.68	314	519	340	529	default
57.97	360	519	386	529	default
1/2	66	529	78	538	default
44635K74	186	529	234	539	default
24.71	271	529	297	538	default
45.89	314	529	340	538	default
70.60	360	529	386	538	default
3/4	66	538	78	548	default
44635K75	186	539	234	548	default
28.28	271	538	297	548	default
52.51	314	538	340	548	default
80.79	360	538	386	548	default
1	60	548	66	558	default
44635K76	186	548	234	558	default
39.56	271	548	297	558	default
73.46	314	548	340	558	default
113.02	354	548	386	558	default
11/4	60	558	78	568	default
44635K77	186	558	234	568	default
51.18	271	558	297	568	default
95.05	314	558	340	568	default
146.23	354	558	386	568	default
Pipe	404	477	424	487	default
Size	404	487	423	497	default
1	619	487	625	497	default
ft	628	487	634	497	default
3	663	487	669	497	default
ft	672	487	678	497	default
6	711	487	717	497	default
ft	720	487	726	497	default
11/2	404	499	421	509	default
44635K78	527	500	575	509	default
$59.19	605	500	637	509	default
$109.93	644	500	681	509	default
$169.12	691	500	729	509	default
2	404	509	409	519	default
44635K79	527	509	575	519	default
77.41	611	509	637	519	default
143.77	649	509	681	519	default
221.18	697	509	729	519	default
21/2	404	519	421	529	default
44635K81	527	519	575	529	default
114.22	605	519	637	529	default
212.13	649	519	681	529	default
326.35	697	519	729	529	default
3	404	529	409	538	default
44635K82	527	529	575	539	default
141.32	605	529	637	538	default
262.44	649	529	681	538	default
403.76	697	529	729	538	default
4	404	538	409	548	default
44635K83	527	539	575	548	default
180.45	605	538	637	548	default
335.11	649	538	681	548	default
515.56	697	538	729	548	default
6	404	548	409	558	default
44635K84	527	548	575	558	default
284.08	605	548	637	558	default
527.59	649	548	681	558	default
811.67	697	548	729	558	default
8	404	558	409	568	default
44635K12	527	558	575	568	default
309.54	605	558	637	568	default
687.87	649	558	681	568	default
1,146.45	688	558	729	568	default
316/316L	60	453	105	462	default
Stainless	108	453	153	462	default
Steel	156	453	181	462	default
•	63	707	68	714	default
Pipe:	71	705	94	715	default
Use	97	705	116	715	default
unthreaded	119	705	172	715	default
Schedule	174	705	218	715	default
80	221	705	232	715	default
thick-wall	235	705	280	715	default
stainless	71	715	111	725	default
steel	114	715	136	725	default
(see	139	715	158	725	default
page	161	715	184	725	default
41)	187	715	201	725	default
Thick-Wall	60	679	145	694	default
Butt-Weld	150	679	232	694	default
Stainless	237	679	312	694	default
Steel	317	679	359	694	default
Unthreaded	364	679	461	694	default
Pipe	466	679	503	694	default
Fittings	508	679	570	694	default
With	302	695	324	705	default
a	327	695	332	705	default
thicker	336	695	368	705	default
wall	371	695	389	705	default
than	393	695	413	705	default
our	417	695	432	705	default
standard-wall	435	695	499	705	default
butt-weld	503	695	548	705	default
pipe	551	695	572	705	default
fittings,	575	695	610	705	default
these	613	695	639	705	default
offer	642	695	663	705	default
high	667	695	687	705	default
strength	690	695	729	705	default
while	292	705	315	715	default
providing	318	705	360	715	default
a	363	705	368	715	default
smooth	371	705	406	715	default
connection	408	705	459	715	default
for	461	705	474	715	default
maximum	476	705	521	715	default
flow	524	705	543	715	default
They	548	705	570	715	default
are	572	705	587	715	default
Schedule	589	705	632	715	default
80	635	705	646	715	default
and	649	705	666	715	default
have	668	705	690	715	default
beveled	693	705	729	715	default
ends	292	715	315	725	default
that,	317	715	338	725	default
when	341	715	366	725	default
flush	369	715	391	725	default
to	394	715	403	725	default
pipe,	406	715	429	725	default
create	432	715	461	725	default
a	464	715	470	725	default
trough	472	715	503	725	default
for	505	715	518	725	default
a	521	715	526	725	default
leak-resistant,	529	715	595	725	default
permanent	597	715	648	725	default
weld	650	715	672	725	default
304	302	725	320	734	default
stainless	322	725	366	734	default
steel	369	725	393	734	default
fittings	396	725	427	734	default
have	430	725	452	734	default
very	455	725	474	734	default
good	477	725	501	734	default
corrosion	504	725	548	734	default
resistance	551	725	598	734	default
316	604	725	621	734	default
stainless	624	725	668	734	default
steel	671	725	695	734	default
fittings	698	725	729	734	default
have	292	734	314	744	default
excellent	317	734	358	744	default
corrosion	361	734	405	744	default
resistance	408	734	455	744	default
Connectors	60	764	118	774	default
and	121	764	140	774	default
Caps	143	764	168	774	default
Pipe	60	820	81	830	default
Size	60	830	80	839	default
90°	353	830	369	839	default
Elbows	372	830	408	839	default
45°	451	830	467	839	default
Elbows	470	830	506	839	default
Tees	568	830	591	839	default
Caps	671	830	696	839	default
304/304L	60	842	105	852	default
Stainless	108	842	153	852	default
Steel	156	842	181	852	default
1	66	852	71	861	default
1739K11	338	852	380	862	default
$58.91	391	852	423	861	default
1739K15	436	852	478	862	default
$63.27	489	852	521	861	default
1739K19	534	852	576	862	default
$128.73	587	852	625	861	default
1739K24	638	852	680	862	default
$103.64	691	852	729	861	default
11/2	66	861	83	871	default
1739K12	338	862	380	871	default
99.27	397	861	423	871	default
1739K16	436	862	478	871	default
81.82	495	861	521	871	default
1739K21	534	862	576	871	default
132.00	593	861	625	871	default
1739K25	638	862	680	871	default
136.62	697	861	729	871	default
2	66	871	71	881	default
1739K13	338	871	380	881	default
147.27	391	871	423	881	default
1739K17	436	871	478	881	default
110.18	489	871	521	881	default
1739K22	534	871	576	881	default
169.09	593	871	625	881	default
1739K26	638	871	680	881	default
106.67	697	871	729	881	default
3	66	881	71	891	default
1739K14	338	881	380	891	default
198.62	391	881	423	891	default
1739K18	436	881	478	891	default
157.09	489	881	521	891	default
1739K23	534	881	576	891	default
268.97	593	881	625	891	default
1739K27	638	881	680	891	default
163.64	697	881	729	891	default
316/316L	60	891	105	900	default
Stainless	108	891	153	900	default
Steel	156	891	181	900	default
1	66	900	71	910	default
1741K11	338	900	380	910	default
88.36	397	900	423	910	default
1741K15	436	900	478	910	default
90.55	495	900	521	910	default
1741K19	534	900	576	910	default
193.09	593	900	625	910	default
1741K24	638	900	680	910	default
154.91	697	900	729	910	default
11/2	66	910	83	920	default
1741K12	338	910	380	920	default
148.36	391	910	423	920	default
1741K16	436	910	478	920	default
112.36	489	910	521	920	default
1741K21	534	910	576	920	default
197.45	593	910	625	920	default
1741K25	638	910	680	920	default
194.12	697	910	729	920	default
2	66	920	71	930	default
1741K13	338	920	380	930	default
202.34	391	920	423	930	default
1741K17	436	920	478	930	default
164.73	489	920	521	930	default
1741K22	534	920	576	930	default
232.39	593	920	625	930	default
1741K26	638	920	680	930	default
163.64	697	920	729	930	default
3	66	930	71	939	default
1741K14	338	930	380	939	default
288.48	391	930	423	939	default
1741K18	436	930	478	939	default
216.36	489	930	521	939	default
1741K23	534	930	576	939	default
360.55	593	930	625	939	default
1741K27	638	930	680	939	default
225.38	697	930	729	939	default
Seamless	371	572	419	582	default
Pipe	60	582	81	592	default
Size	60	592	80	602	default
1	279	592	285	602	default
ft	288	592	294	602	default
3	322	592	328	602	default
ft	331	592	337	602	default
6	368	592	374	602	default
ft	376	592	383	602	default
1/2	66	604	78	614	default
45725K81	186	605	234	614	default
$32.26	265	605	297	614	default
$85.06	309	605	340	614	default
$146.65	349	605	386	614	default
3/4	66	614	78	624	default
45725K82	186	614	234	624	default
40.85	271	614	297	624	default
107.71	309	614	340	624	default
185.70	354	614	386	624	default
1	60	624	66	634	default
45725K83	186	624	234	634	default
43.32	271	624	297	634	default
114.21	309	624	340	634	default
196.91	354	624	386	634	default
11/4	60	634	78	643	default
45725K84	186	634	234	643	default
57.48	271	634	297	643	default
151.53	309	634	340	643	default
261.26	354	634	386	643	default
11/2	60	643	78	653	default
45725K85	186	643	234	653	default
61.09	271	643	297	653	default
161.04	309	643	340	653	default
277.66	354	643	386	653	default
2	60	653	66	663	default
45725K86	186	653	234	663	default
81.42	271	653	297	663	default
214.66	309	653	340	663	default
370.10	354	653	386	663	default
Pipe	404	582	424	592	default
Size	404	592	423	602	default
1	619	592	625	602	default
ft	628	592	634	602	default
3	664	592	669	602	default
ft	672	592	679	602	default
6	711	592	717	602	default
ft	720	592	726	602	default
21/2	404	604	421	614	default
45725K87	527	605	575	614	default
$119.51	599	605	637	614	default
$315.07	644	605	681	614	default
$543.23	691	605	729	614	default
3	404	614	409	624	default
45725K88	527	614	575	624	default
134.57	605	614	637	624	default
354.76	650	614	681	624	default
611.66	697	614	729	624	default
4	404	624	409	634	default
45725K89	527	624	575	634	default
167.43	605	624	637	634	default
441.41	650	624	681	634	default
761.06	697	624	729	634	default
6	404	634	409	643	default
45725K91	527	634	575	643	default
213.13	605	634	637	643	default
592.03	650	634	681	643	default
1,184.07	688	634	729	643	default
8	404	643	409	653	default
45725K11	527	643	575	653	default
344.86	605	643	637	653	default
909.18	650	643	681	653	default
1,567.55	688	643	729	653	default
(Continued	309	943	372	954	default
on	375	943	390	954	default
following	393	943	445	954	default
page)	448	943	480	954	default
All	71	776	82	785	default
meet	85	776	108	785	default
ASTM	111	776	140	785	default
A403/A403M	143	776	203	785	default
•	63	75	68	82	default
Use	71	73	89	83	default
with	92	73	111	83	default
air,	114	73	127	83	default
natural	130	73	162	83	default
gas,	165	73	185	83	default
oil,	187	73	201	83	default
water	204	73	230	83	default
•	63	697	68	705	default
Use	71	695	89	705	default
with	92	695	111	705	default
air,	114	695	127	705	default
natural	130	695	162	705	default
gas,	165	695	185	705	default
oil,	187	695	201	705	default
steam,	204	695	235	705	default
water	238	695	264	705	default
•	63	726	68	734	default
Flanges:	71	725	110	734	default
Use	113	725	131	734	default
unthreaded	134	725	187	734	default
Class	190	725	216	734	default
300	219	725	236	734	default
and	239	725	256	734	default
600	259	725	277	734	default
high-pressure	71	734	135	744	default
stainless	138	734	178	744	default
steel	181	734	203	744	default
(see	206	734	225	744	default
page	228	734	251	744	default
42)	254	734	268	744	default
##LTFigure##	622	73	730	109	default
##LTFigure##	666	801	707	827	default
##LTFigure##	554	792	616	828	default
##LTFigure##	467	794	505	831	default
##LTFigure##	362	782	406	831	default
