36	32	960	52	973	default
Stainless	72	29	167	48	default
Steel	173	29	227	48	default
Pipe	233	29	279	48	default
Fittings	286	29	364	48	default
Lg	384	350	394	358	default
Lg	222	345	233	353	default
•	35	273	39	281	default
Flanges:	43	272	82	281	default
Use	85	272	103	281	default
unthreaded	106	272	159	281	default
Class	162	272	188	281	default
150	43	281	60	291	default
low-pressure	63	281	123	291	default
stainless	126	281	166	291	default
steel	169	281	191	291	default
(see	43	291	62	301	default
pages	65	291	93	301	default
37-38)	96	291	126	301	default
•	35	244	39	252	default
Pipe	43	243	63	252	default
Nipples	66	243	101	252	default
and	104	243	122	252	default
Pipe:	125	243	148	252	default
Use	151	243	170	252	default
un-	173	243	188	252	default
threaded	43	252	84	262	default
Schedule	87	252	130	262	default
40	133	252	145	262	default
standard-	148	252	193	262	default
wall	43	262	61	272	default
stainless	64	262	104	272	default
steel	107	262	129	272	default
(see	132	262	151	272	default
page	154	262	177	272	default
39)	180	262	194	272	default
Pipe	32	378	53	388	default
Size	32	388	52	397	default
Wall	89	378	108	388	default
Thick	89	388	114	397	default
Long	210	378	235	388	default
90°	238	378	253	388	default
Elbows	256	378	292	388	default
Short	360	378	387	388	default
90°	390	378	406	388	default
Elbows	408	378	445	388	default
45°	507	378	523	388	default
Elbows	526	378	562	388	default
Tees	638	378	661	388	default
Lg	181	388	193	397	default
Lg	335	388	346	397	default
304/304L	32	400	77	410	default
Stainless	80	400	125	410	default
Steel	128	400	153	410	default
1/2	43	410	55	420	default
0.1090	89	410	118	420	default
1	184	410	190	420	default
1/20	193	410	208	420	default
45605K511	220	410	274	420	default
$5.95	295	410	321	420	default
45605K551	483	410	537	420	default
$8.21	559	410	585	420	default
45605K621	599	410	652	420	default
$19.71	669	410	701	420	default
3/4	43	419	55	429	default
0.1130	89	419	118	430	default
1	184	420	190	429	default
1/20	193	419	208	430	default
45605K512	220	420	274	429	default
6.07	301	420	321	429	default
45605K552	483	420	537	429	default
8.29	565	420	585	429	default
45605K622	599	420	652	429	default
19.89	675	420	701	429	default
1	37	429	43	439	default
0.1330	89	429	118	439	default
1	184	429	190	439	default
1/20	193	429	208	439	default
45605K513	220	429	274	439	default
6.91	301	429	321	439	default
10	335	429	344	439	default
45605K211	368	429	422	439	default
$31.39	438	429	470	439	default
45605K553	483	429	537	439	default
8.37	565	429	585	439	default
45605K623	599	429	652	439	default
20.09	675	429	701	439	default
11/4	37	439	55	449	default
0.140	89	439	113	449	default
1	184	439	190	449	default
7/80	193	439	208	449	default
45605K514	220	439	274	449	default
10.26	295	439	321	449	default
45605K554	483	439	537	449	default
12.13	559	439	585	449	default
45605K624	599	439	652	449	default
33.47	675	439	701	449	default
11/2	37	449	55	458	default
0.1450	89	448	118	459	default
2	184	449	190	458	default
1/40	193	448	208	459	default
45605K515	220	449	274	459	default
8.16	301	449	321	458	default
11/20	335	448	356	459	default
45605K213	368	449	422	459	default
35.99	444	449	470	458	default
45605K555	483	449	537	459	default
9.42	565	449	585	458	default
45605K625	599	449	652	459	default
20.28	675	449	701	458	default
2	37	461	43	471	default
0.1540	89	461	118	471	default
3	184	461	190	471	default
0	193	461	196	471	default
45605K516	220	461	274	471	default
11.29	295	461	321	471	default
20	335	461	344	471	default
45605K214	368	461	422	471	default
43.94	444	461	470	471	default
45605K556	483	461	537	471	default
11.71	559	461	585	471	default
45605K626	599	461	652	471	default
21.76	675	461	701	471	default
21/2	37	471	55	481	default
0.2030	89	471	118	481	default
3	184	471	190	481	default
3/40	193	471	208	481	default
45605K517	220	471	274	481	default
23.85	295	471	321	481	default
45605K557	483	471	537	481	default
23.85	559	471	585	481	default
45605K627	599	471	652	481	default
54.40	675	471	701	481	default
3	37	481	43	490	default
0.2160	89	480	118	491	default
4	184	481	190	490	default
1/20	193	480	208	491	default
45605K521	220	481	274	490	default
30.34	295	481	321	490	default
30	335	480	344	491	default
45605K216	368	481	422	490	default
56.49	444	481	470	490	default
45605K561	483	481	537	490	default
21.97	559	481	585	490	default
45605K631	599	481	652	490	default
43.94	675	481	701	490	default
4	37	490	43	500	default
0.2370	89	490	118	501	default
6	184	490	190	500	default
0	193	490	196	501	default
45605K523	220	490	274	500	default
56.49	295	490	321	500	default
40	335	490	344	501	default
45605K217	368	490	422	500	default
89.97	444	490	470	500	default
45605K563	483	490	537	500	default
39.59	559	490	585	500	default
45605K633	599	490	652	500	default
62.77	675	490	701	500	default
6	37	500	43	510	default
0.280	89	500	113	510	default
9	184	500	190	510	default
0	193	500	196	510	default
45605K525	220	500	274	510	default
154.13	289	500	321	510	default
45605K565	483	500	537	510	default
98.91	559	500	585	510	default
45605K635	599	500	652	510	default
141.44	669	500	701	510	default
8	37	510	43	520	default
0.3220	89	510	118	520	default
120	181	510	196	520	default
45605K526	220	510	274	520	default
279.24	289	510	321	520	default
45605K527	483	510	537	520	default
194.78	554	510	585	520	default
45605K528	599	510	652	520	default
413.04	669	510	701	520	default
316/316L	32	520	77	529	default
Stainless	80	520	125	529	default
Steel	128	520	153	529	default
1/2	43	529	55	539	default
0.1090	89	529	118	539	default
1	184	529	190	539	default
1/20	193	529	208	539	default
45555K511	220	529	274	539	default
7.36	301	529	321	539	default
45555K551	483	529	537	539	default
9.93	565	529	585	539	default
45555K621	599	529	652	539	default
22.91	675	529	701	539	default
3/4	43	539	55	549	default
0.1130	89	539	118	549	default
1	184	539	190	549	default
1/20	193	539	208	549	default
45555K512	220	539	274	549	default
7.45	301	539	321	549	default
45555K552	483	539	537	549	default
10.01	559	539	585	549	default
45555K622	599	539	652	549	default
23.11	675	539	701	549	default
1	37	549	43	558	default
0.1330	89	548	118	559	default
1	184	549	190	558	default
1/20	193	548	208	559	default
45555K513	220	549	274	559	default
8.33	301	549	321	558	default
10	335	548	344	559	default
45555K211	368	549	422	559	default
40.68	444	549	470	558	default
45555K553	483	549	537	559	default
10.07	559	549	585	558	default
45555K623	599	549	652	559	default
23.24	675	549	701	558	default
11/4	37	558	55	568	default
0.140	89	558	113	569	default
1	184	558	190	568	default
7/80	193	558	208	569	default
45555K514	220	559	274	568	default
12.59	295	558	321	568	default
45555K554	483	559	537	568	default
14.13	559	558	585	568	default
45555K624	599	559	652	568	default
40.68	675	558	701	568	default
11/2	37	568	55	578	default
0.1450	89	568	118	578	default
2	184	568	190	578	default
1/40	193	568	208	578	default
45555K515	220	568	274	578	default
9.88	301	568	321	578	default
11/20	335	568	356	578	default
45555K213	368	568	422	578	default
45.71	444	568	470	578	default
45555K555	483	568	537	578	default
11.43	559	568	585	578	default
45555K625	599	568	652	578	default
23.52	675	568	701	578	default
2	37	581	43	590	default
0.1540	89	580	118	591	default
3	184	581	190	590	default
0	193	580	196	591	default
45555K516	220	581	274	590	default
13.95	295	581	321	590	default
20	335	580	344	591	default
45555K214	368	581	422	590	default
60.68	444	581	470	590	default
45555K556	483	581	537	590	default
14.13	559	581	585	590	default
45555K626	599	581	652	590	default
25.19	675	581	701	590	default
21/2	37	590	55	600	default
0.2030	89	590	118	601	default
3	184	590	190	600	default
3/40	193	590	208	601	default
45555K517	220	590	274	600	default
28.86	295	590	321	600	default
45555K557	483	590	537	600	default
31.18	559	590	585	600	default
45555K627	599	590	652	600	default
62.99	675	590	701	600	default
3	37	600	43	610	default
0.2160	89	600	118	610	default
4	184	600	190	610	default
1/20	193	600	208	610	default
45555K521	220	600	274	610	default
37.39	295	600	321	610	default
30	335	600	344	610	default
45555K216	368	600	422	610	default
71.67	444	600	470	610	default
45555K561	483	600	537	610	default
26.54	559	600	585	610	default
45555K631	599	600	652	610	default
50.36	675	600	701	610	default
4	37	610	43	620	default
0.2370	89	610	118	620	default
6	184	610	190	620	default
0	193	610	196	620	default
45555K523	220	610	274	620	default
68.97	295	610	321	620	default
40	335	610	344	620	default
45555K217	368	610	422	620	default
114.28	438	610	470	620	default
45555K563	483	610	537	620	default
48.42	559	610	585	620	default
45555K633	599	610	652	620	default
75.56	675	610	701	620	default
6	37	620	43	629	default
0.280	89	619	113	630	default
9	184	620	190	629	default
0	193	619	196	630	default
45555K525	220	620	274	629	default
197.65	289	620	321	629	default
45555K565	483	620	537	629	default
117.87	554	620	585	629	default
45555K635	599	620	652	629	default
190.40	669	620	701	629	default
8	37	629	43	639	default
0.3220	89	629	118	639	default
120	181	629	196	639	default
45555K611	220	629	274	639	default
333.26	289	629	321	639	default
45555K612	483	629	537	639	default
223.12	554	629	585	639	default
45555K613	599	629	652	639	default
495.25	669	629	701	639	default
Connectors	32	317	90	327	default
Standard-Wall	32	216	149	231	default
Butt-Weld	154	216	235	231	default
Stainless	240	216	315	231	default
Steel	320	216	362	231	default
Unthreaded	367	216	464	231	default
Pipe	469	216	506	231	default
Fittings	511	216	573	231	default
Also	229	233	250	243	default
known	254	233	285	243	default
as	289	233	300	243	default
Schedule	304	233	348	243	default
40	352	233	364	243	default
fittings,	367	233	402	243	default
these	406	233	432	243	default
have	436	233	458	243	default
thicker	462	233	494	243	default
walls	498	233	522	243	default
than	526	233	546	243	default
our	550	233	566	243	default
thin-wall	570	233	610	243	default
stainless	613	233	655	243	default
steel	658	233	681	243	default
un-	685	233	701	243	default
threaded	219	243	260	252	default
butt-weld	263	243	307	252	default
fittings	310	243	341	252	default
They	347	243	369	252	default
have	372	243	394	252	default
beveled	397	243	433	252	default
ends	436	243	459	252	default
that,	461	243	482	252	default
when	485	243	510	252	default
flush	513	243	535	252	default
to	537	243	547	252	default
pipe,	549	243	572	252	default
create	575	243	604	252	default
a	607	243	612	252	default
trough	615	243	645	252	default
for	648	243	660	252	default
a	663	243	668	252	default
strong	671	243	701	252	default
weld	219	252	241	262	default
that	243	252	261	262	default
permits	264	252	298	262	default
maximum	301	252	347	262	default
flow	349	252	368	262	default
Fittings	373	252	407	262	default
meet	410	252	433	262	default
ANSI/ASME	436	252	491	262	default
B16.9,	494	252	524	262	default
ASTM	527	252	555	262	default
A403/A403M,	558	252	621	262	default
and	624	252	641	262	default
MSS	644	252	666	262	default
SP-43	669	252	698	262	default
304	229	262	247	272	default
stainless	251	262	295	272	default
steel	299	262	323	272	default
fittings	327	262	359	272	default
have	363	262	385	272	default
very	389	262	409	272	default
good	413	262	437	272	default
corrosion	441	262	486	272	default
resistance	489	262	538	272	default
316	544	262	562	272	default
stainless	566	262	611	272	default
steel	614	262	639	272	default
fittings	642	262	674	272	default
have	678	262	701	272	default
excellent	219	272	260	281	default
corrosion	263	272	307	281	default
resistance	309	272	357	281	default
Stub	229	281	252	291	default
ends	254	281	278	291	default
are	281	281	295	291	default
used	297	281	320	291	default
with	322	281	341	291	default
flanges	344	281	377	291	default
Slide	382	281	405	291	default
a	407	281	413	291	default
flange	416	281	443	291	default
onto	446	281	467	291	default
the	469	281	484	291	default
stub	486	281	506	291	default
end	509	281	526	291	default
and	529	281	546	291	default
weld	548	281	570	291	default
the	573	281	587	291	default
stub	590	281	610	291	default
end	612	281	630	291	default
to	632	281	641	291	default
pipe	644	281	664	291	default
(not	666	281	684	291	default
the	686	281	701	291	default
flange)	219	291	250	301	default
Since	255	291	281	301	default
the	284	291	299	301	default
flange	302	291	330	301	default
isn’t	333	291	352	301	default
welded	355	291	389	301	default
to	391	291	401	301	default
the	404	291	418	301	default
pipe,	421	291	444	301	default
it	447	291	452	301	default
can	455	291	472	301	default
be	475	291	487	301	default
disconnected	490	291	553	301	default
easily,	555	291	584	301	default
which	587	291	614	301	default
creates	617	291	651	301	default
an	654	291	665	301	default
access	668	291	701	301	default
point	219	301	242	311	default
for	245	301	258	311	default
frequent	261	301	299	311	default
cleaning	302	301	341	311	default
and	344	301	361	311	default
inspecting	364	301	412	311	default
Caps	32	645	58	655	default
and	61	645	79	655	default
Stub	82	645	105	655	default
Ends	108	645	133	655	default
Pipe	32	689	53	699	default
Size	32	699	52	709	default
Wall	88	689	107	699	default
Thick	88	699	113	709	default
Caps	180	699	205	709	default
Stub	282	699	305	709	default
Ends	307	699	332	709	default
304/304L	32	711	77	721	default
Stainless	80	711	125	721	default
Steel	128	711	153	721	default
1/2	43	721	55	731	default
0.1090	88	721	117	731	default
45605K581	142	721	196	731	default
$11.71	211	721	243	731	default
45605K651	256	721	310	731	default
$13.04	326	721	357	731	default
3/4	43	731	55	740	default
0.1130	88	730	117	741	default
45605K582	142	731	196	741	default
13.39	217	731	243	740	default
45605K652	256	731	310	741	default
14.08	331	731	357	740	default
1	37	740	43	750	default
0.1330	88	740	117	751	default
45605K583	142	741	196	750	default
16.74	217	740	243	750	default
45605K653	256	741	310	750	default
17.73	331	740	357	750	default
11/4	37	750	55	760	default
0.140	88	750	111	760	default
45605K584	142	750	196	760	default
31.39	217	750	243	760	default
45605K654	256	750	310	760	default
39.12	331	750	357	760	default
11/2	37	760	55	770	default
0.1450	88	760	117	770	default
45605K585	142	760	196	770	default
20.92	217	760	243	770	default
45605K655	256	760	310	770	default
18.25	331	760	357	770	default
2	37	772	43	782	default
0.1540	88	772	117	783	default
45605K586	142	772	196	782	default
14.22	217	772	243	782	default
45605K656	256	772	310	782	default
19.30	331	772	357	782	default
21/2	37	782	55	792	default
0.2030	88	782	117	792	default
45605K587	142	782	196	792	default
25.94	217	782	243	792	default
45605K657	256	782	310	792	default
39.64	331	782	357	792	default
3	37	792	43	802	default
0.2160	88	792	117	802	default
45605K591	142	792	196	802	default
19.25	217	792	243	802	default
45605K661	256	792	310	802	default
27.64	331	792	357	802	default
4	37	802	43	811	default
0.2370	88	801	117	812	default
45605K593	142	802	196	811	default
27.20	217	802	243	811	default
45605K663	256	802	310	811	default
39.12	331	802	357	811	default
6	37	811	43	821	default
0.280	88	811	111	821	default
45605K595	142	811	196	821	default
62.77	217	811	243	821	default
45605K665	256	811	310	821	default
80.84	331	811	357	821	default
8	37	821	43	831	default
0.3220	88	821	117	831	default
45605K529	142	821	196	831	default
101.41	211	821	243	831	default
45605K531	256	821	310	831	default
120.34	326	821	357	831	default
316/316L	32	831	77	841	default
Stainless	80	831	125	841	default
Steel	128	831	153	841	default
1/2	43	840	55	850	default
0.1090	88	840	117	851	default
45555K581	142	841	196	850	default
14.34	217	840	243	850	default
45555K651	256	841	310	850	default
16.04	331	840	357	850	default
3/4	43	850	55	860	default
0.1130	88	850	117	860	default
45555K582	142	850	196	860	default
18.21	217	850	243	860	default
45555K652	256	850	310	860	default
19.30	331	850	357	860	default
1	37	860	43	870	default
0.1330	88	860	117	870	default
45555K583	142	860	196	870	default
20.93	217	860	243	870	default
45555K653	256	860	310	870	default
22.43	331	860	357	870	default
11/4	37	869	55	879	default
0.140	88	869	111	880	default
45555K584	142	870	196	879	default
38.75	217	870	243	879	default
45555K654	256	870	310	879	default
49.55	331	870	357	879	default
11/2	37	879	55	889	default
0.1450	88	879	117	889	default
45555K585	142	879	196	889	default
26.54	217	879	243	889	default
45555K655	256	879	310	889	default
23.47	331	879	357	889	default
2	37	892	43	902	default
0.1540	88	892	117	902	default
45555K586	142	892	196	902	default
18.40	217	892	243	902	default
45555K656	256	892	310	902	default
24.51	331	892	357	902	default
21/2	37	901	55	911	default
0.2030	88	901	117	912	default
45555K587	142	902	196	911	default
32.93	217	902	243	911	default
45555K657	256	902	310	911	default
50.59	331	902	357	911	default
3	37	911	43	921	default
0.2160	88	911	117	921	default
45555K591	142	911	196	921	default
24.41	217	911	243	921	default
45555K661	256	911	310	921	default
34.42	331	911	357	921	default
4	37	921	43	931	default
0.2370	88	921	117	931	default
45555K593	142	921	196	931	default
34.87	217	921	243	931	default
45555K663	256	921	310	931	default
49.02	331	921	357	931	default
6	37	931	43	940	default
0.280	88	930	111	941	default
45555K595	142	931	196	941	default
75.56	217	931	243	940	default
45555K665	256	931	310	941	default
93.69	331	931	357	940	default
8	37	940	43	950	default
0.3220	88	940	117	951	default
45555K614	142	941	196	950	default
135.18	211	940	243	950	default
45555K615	256	941	310	950	default
153.73	326	940	357	950	default
Pipe	375	686	396	696	default
Size	399	686	418	696	default
(A)	375	696	387	706	default
(B)	404	696	417	706	default
304/304L	375	709	420	718	default
Stainless	423	709	468	718	default
Steel	471	709	496	718	default
3/4	386	718	398	728	default
1/2	410	718	421	728	default
45605K711	428	718	482	728	default
$13.39	497	718	529	728	default
1	380	728	386	738	default
1/2	410	728	421	738	default
45605K111	428	728	482	738	default
19.67	503	728	529	738	default
1	380	738	386	747	default
3/4	410	738	421	747	default
45605K716	428	738	482	747	default
15.48	503	738	529	747	default
11/4	380	747	398	757	default
3/4	410	747	421	757	default
45605K112	428	747	482	757	default
46.04	503	747	529	757	default
11/4	380	757	398	767	default
1	404	757	410	767	default
45605K726	428	757	482	767	default
22.18	503	757	529	767	default
11/2	380	769	398	779	default
1/2	410	769	421	779	default
45605K113	428	770	482	779	default
38.92	503	770	529	779	default
11/2	380	779	398	789	default
1	404	779	410	789	default
45605K725	428	779	482	789	default
10.05	503	779	529	789	default
11/2	380	789	398	799	default
11/4	404	789	421	799	default
45605K114	428	789	482	799	default
15.90	503	789	529	799	default
2	380	799	386	809	default
3/4	410	799	421	809	default
45605K115	428	799	482	809	default
37.65	503	799	529	809	default
2	380	809	386	818	default
1	404	809	410	818	default
45605K741	428	809	482	818	default
14.64	503	809	529	818	default
2	380	818	386	828	default
11/2	404	818	421	828	default
45605K745	428	818	482	828	default
11.71	503	818	529	828	default
21/2	380	831	398	840	default
1	404	831	410	840	default
45605K116	428	831	482	841	default
66.96	503	831	529	840	default
21/2	380	840	398	850	default
11/2	404	840	421	850	default
45605K746	428	841	482	850	default
52.31	503	840	529	850	default
3	380	850	386	860	default
1	404	850	410	860	default
45605K117	428	850	482	860	default
46.04	503	850	529	860	default
3	380	860	386	870	default
11/4	404	860	421	870	default
45605K118	428	860	482	870	default
66.96	503	860	529	870	default
3	380	870	386	879	default
11/2	404	869	421	879	default
45605K119	428	870	482	879	default
20.92	503	870	529	879	default
3	380	879	386	889	default
2	404	879	410	889	default
45605K762	428	879	482	889	default
18.83	503	879	529	889	default
4	380	892	386	902	default
11/2	404	892	421	902	default
45605K121	428	892	482	902	default
48.12	503	892	529	902	default
4	380	902	386	911	default
2	404	902	410	911	default
45605K122	428	902	482	911	default
27.19	503	902	529	911	default
4	380	911	386	921	default
3	404	911	410	921	default
45605K783	428	911	482	921	default
20.92	503	911	529	921	default
6	380	921	386	931	default
4	404	921	410	931	default
45605K786	428	921	482	931	default
54.40	503	921	529	931	default
8	380	931	386	940	default
4	404	931	410	940	default
45605K123	428	931	482	941	default
176.22	497	931	529	940	default
8	380	940	386	950	default
6	404	940	410	950	default
45605K532	428	941	482	950	default
122.95	497	940	529	950	default
Reducers	375	645	423	655	default
A	508	677	514	685	default
B	559	660	565	669	default
Pipe	53	70	73	79	default
size	76	70	94	79	default
is	96	70	104	79	default
not	106	70	121	79	default
an	123	70	135	79	default
actual	137	70	165	79	default
measured	167	70	212	79	default
size,	215	70	235	79	default
but	238	70	253	79	default
rather	255	70	282	79	default
an	285	70	296	79	default
industry	298	70	335	79	default
designation	337	70	390	79	default
Align	396	70	418	79	default
your	421	70	441	79	default
pipe	443	70	463	79	default
or	466	70	475	79	default
fitting	477	70	503	79	default
with	505	70	524	79	default
the	527	70	541	79	default
“0”	544	70	558	79	default
line	561	70	576	79	default
The	582	70	599	79	default
line	601	70	617	79	default
on	619	70	631	79	default
the	633	70	648	79	default
opposite	650	70	690	79	default
edge	43	79	66	89	default
gives	69	79	93	89	default
the	96	79	110	89	default
pipe	113	79	134	89	default
size	137	79	155	89	default
You	160	79	178	89	default
can	181	79	198	89	default
also	201	79	220	89	default
measure	223	79	262	89	default
the	265	79	280	89	default
OD	283	79	298	89	default
of	301	79	310	89	default
your	313	79	333	89	default
pipe	336	79	356	89	default
and	359	79	377	89	default
butt-weld	380	79	424	89	default
fitting	427	79	453	89	default
or	456	79	465	89	default
the	468	79	483	89	default
ID	486	79	496	89	default
of	499	79	508	89	default
your	511	79	531	89	default
socket-connect	534	79	606	89	default
fitting	609	79	635	89	default
and	638	79	656	89	default
slip-on	659	79	690	89	default
weld	43	89	64	99	default
flange,	67	89	98	99	default
then	100	89	120	99	default
find	123	89	140	99	default
the	143	89	157	99	default
corresponding	160	89	226	99	default
pipe	229	89	249	99	default
size	251	89	269	99	default
in	271	89	280	99	default
the	282	89	297	99	default
chart	299	89	322	99	default
If	328	89	334	99	default
your	336	89	356	99	default
measurement	359	89	422	99	default
doesn’t	424	89	458	99	default
match	461	89	490	99	default
an	492	89	503	99	default
OD	506	89	521	99	default
or	524	89	533	99	default
ID	535	89	545	99	default
listed,	548	89	575	99	default
round	578	89	604	99	default
to	607	89	616	99	default
the	619	89	633	99	default
nearest	636	89	670	99	default
1/80	672	89	687	99	default
How	43	59	65	69	default
to	68	59	78	69	default
Measure	81	59	124	69	default
Pipe	127	59	149	69	default
Size	152	59	172	69	default
for	175	59	189	69	default
Unthreaded	192	59	250	69	default
Pipe	253	59	275	69	default
and	278	59	296	69	default
Fittings—Example	299	59	387	69	default
shows	390	59	420	69	default
pipe	423	59	443	69	default
size	446	59	464	69	default
3/8	467	59	478	69	default
To	58	184	69	194	default
measure	72	184	112	194	default
larger	115	184	141	194	default
pipe	144	184	164	194	default
sizes,	167	184	193	194	default
go	196	184	208	194	default
to	211	184	220	194	default
mcmaster	223	184	269	194	default
com	271	184	292	194	default
and	295	184	312	194	default
search	315	184	346	194	default
for	349	184	361	194	default
4347KAC	364	184	410	194	default
For	415	184	431	194	default
information	434	184	486	194	default
about	489	184	516	194	default
fittings	519	184	550	194	default
and	553	184	570	194	default
pipe,	573	184	596	194	default
see	599	184	616	194	default
pages	618	184	647	194	default
2-3	650	184	665	194	default
Pipe	394	157	415	167	default
Size:	418	157	442	167	default
ID:	428	169	442	179	default
Pipe	74	157	96	167	default
Size:	99	157	123	167	default
OD:	104	169	123	179	default
12	172	168	181	179	default
34	198	168	207	179	default
78	329	168	337	179	default
1	296	170	301	180	default
138	265	168	279	180	default
1	323	170	329	179	default
58	185	168	194	179	default
58	301	168	310	179	default
78	220	168	228	179	default
118	236	168	250	180	default
0	128	157	133	167	default
0	128	169	133	179	default
1	267	157	273	167	default
18	172	155	181	166	default
14	185	155	194	166	default
12	218	155	227	166	default
34	240	155	248	166	default
114	296	155	309	167	default
112	323	155	337	167	default
38	198	155	207	166	default
˝	336	168	339	179	default
˝	309	168	311	179	default
˝	278	168	280	179	default
˝	248	168	251	179	default
˝	226	168	229	179	default
˝	206	168	209	179	default
˝	193	168	196	179	default
˝	179	168	182	179	default
0	447	157	453	167	default
1	586	157	592	167	default
18	491	155	500	166	default
14	504	155	513	166	default
12	538	155	547	166	default
34	564	155	573	166	default
114	622	155	636	167	default
112	642	155	656	167	default
38	518	155	526	166	default
12	491	168	500	179	default
34	518	167	526	178	default
78	648	168	657	179	default
1	620	169	626	179	default
138	582	168	596	179	default
1	642	169	648	179	default
58	505	167	513	178	default
58	626	168	634	179	default
78	539	167	547	178	default
118	560	168	574	179	default
0	447	169	453	179	default
˝	655	167	658	178	default
˝	634	167	636	178	default
˝	594	167	597	178	default
˝	572	167	575	178	default
˝	546	167	549	178	default
˝	525	167	528	178	default
˝	512	167	515	178	default
˝	499	167	501	178	default
Pipe	547	686	568	696	default
Size	571	686	590	696	default
(A)	547	696	559	706	default
(B)	576	696	588	706	default
316/316L	547	709	592	718	default
Stainless	594	709	640	718	default
Steel	642	709	667	718	default
3/4	558	718	569	728	default
1/2	581	718	593	728	default
45555K711	599	718	653	728	default
$16.28	669	718	701	728	default
1	552	728	558	738	default
1/2	581	728	593	738	default
45555K111	599	728	653	738	default
22.47	675	728	701	738	default
1	552	738	558	747	default
3/4	581	738	593	747	default
45555K716	599	738	653	747	default
19.37	675	738	701	747	default
11/4	552	747	569	757	default
3/4	581	747	593	757	default
45555K112	599	747	653	757	default
58.11	675	747	701	757	default
11/4	552	757	569	767	default
.1	572	757	581	767	default
45555K717	599	757	653	767	default
30.22	675	757	701	767	default
11/2	552	769	569	779	default
1/2	581	769	593	779	default
45555K113	599	770	653	779	default
47.27	675	770	701	779	default
11/2	552	779	569	789	default
.1	572	779	581	789	default
45555K725	599	779	653	789	default
13.39	675	779	701	789	default
11/2	552	789	569	799	default
.11/4	572	789	593	799	default
45555K114	599	789	653	799	default
19.37	675	789	701	799	default
2	552	799	558	809	default
3/4	581	799	593	809	default
45555K115	599	799	653	809	default
46.48	675	799	701	809	default
2	552	809	558	818	default
1	576	809	581	818	default
45555K741	599	809	653	818	default
17.05	675	809	701	818	default
2	552	818	558	828	default
11/2	576	818	593	828	default
45555K745	599	818	653	828	default
13.95	675	818	701	828	default
21/2	552	831	569	840	default
.1	572	831	581	840	default
45555K116	599	831	653	841	default
81.36	675	831	701	840	default
21/2	552	840	569	850	default
.11/2	572	840	593	850	default
45555K746	599	841	653	850	default
65.86	675	840	701	850	default
3	552	850	558	860	default
1	576	850	581	860	default
45555K117	599	850	653	860	default
56.17	675	850	701	860	default
3	552	860	558	870	default
11/4	576	860	593	870	default
45555K118	599	860	653	870	default
81.36	675	860	701	870	default
3	552	870	558	879	default
11/2	576	869	593	879	default
45555K119	599	870	653	879	default
25.17	675	870	701	879	default
3	552	879	558	889	default
2	576	879	581	889	default
45555K762	599	879	653	889	default
22.47	675	879	701	889	default
4	552	892	558	902	default
11/2	576	892	593	902	default
45555K121	599	892	653	902	default
58.11	675	892	701	902	default
4	552	902	558	911	default
2	576	902	581	911	default
45555K122	599	902	653	911	default
32.94	675	902	701	911	default
4	552	911	558	921	default
3	576	911	581	921	default
45555K783	599	911	653	921	default
25.19	675	911	701	921	default
6	552	921	558	931	default
4	576	921	581	931	default
45555K786	599	921	653	931	default
63.92	675	921	701	931	default
8	552	931	558	940	default
4	576	931	581	940	default
45555K123	599	931	653	941	default
249.98	669	931	701	940	default
8	552	940	558	950	default
6	576	940	581	950	default
45555K616	599	941	653	950	default
147.95	669	940	701	950	default
•	35	234	39	242	default
Use	43	233	61	243	default
with	64	233	83	243	default
air,	86	233	99	243	default
natural	102	233	134	243	default
gas,	137	233	156	243	default
oil,	159	233	173	243	default
water	176	233	201	243	default
##LTFigure##	525	343	564	379	default
##LTFigure##	399	342	437	379	default
##LTFigure##	399	344	407	345	default
##LTFigure##	236	332	279	383	default
##LTFigure##	625	341	687	376	default
##LTFigure##	288	666	335	698	default
##LTFigure##	174	669	218	697	default
##LTFigure##	514	660	569	688	default
##LTFigure##	128	103	205	147	default
##LTFigure##	440	95	532	146	default
